35	12020	14048	0|
29	2042	0	0|
29	8	0	0|
29	9	0	0|
29	13	0	0|
29	14	0	0|
29	1030	0	0|
29	1050	0	0|
29	1066	0	0|
29	1071	0	0|
29	1095	0	0|
29	1110	0	0|
35	12060	0	0|
35	12080	0	0|
35	16000	38768	0|
35	16010	8963	0|
35	16020	7493	0|
35	16030	8363	0|
35	16050	11768	0|
35	16080	0	0|
35	16090	5018	0|
35	16100	15263	0|
35	14010	0	0|
35	14020	0	0|
35	14030	34673	0|
35	14040	0	0|
35	14050	0	0|
35	14060	0	0|
35	14070	0	0|
35	14080	0	0|
30	10240	26	0|
30	10391	37	0|
30	57659	27	0|
30	80174	103	0|
30	1326	35	0|
30	1327	100	0|
30	1328	109	0|
30	1329	41	0|
30	1330	34	0|
30	1331	41	0|
30	1332	34	0|
30	1333	126	0|
30	10170	39	0|
30	10343	40	0|
30	57660	21	0|
30	57671	21	0|
30	80153	107	0|
30	80155	84	0|
30	80156	75	0|
30	80157	176	0|
30	80158	82	0|
30	80159	67	0|
30	6130	66	0|
30	16010	24	0|
30	53750	134	0|
30	57037	50	0|
30	57669	21	0|
30	70165	260	0|
30	80082	138	0|
30	80713	107	0|
30	90144	193	0|
30	15051	25	0|
30	57668	25	0|
30	14011	50	0|
30	14020	40	0|
30	14030	80	0|
30	14081	18	0|
30	1309	146	0|
35	14090	11558	0|
35	4010	0	0|
35	4020	0	0|
35	4030	0	0|
35	4040	0	0|
35	4070	12923	0|
35	4080	0	0|
35	4095	0	0|
35	4101	0	0|
35	4110	0	0|
35	4140	0	0|
35	4155	0	0|
3	4062	0	0|
3	1	0	0|
3	2	0	0|
3	3	0	0|
3	4	0	0|
3	5	0	0|
3	6	0	0|
3	8	0	0|
3	9	0	0|
3	10	0	0|
3	11	0	0|
3	12	0	0|
3	13	0	0|
3	14	0	0|
3	16	0	0|
3	17	0	0|
3	20	0	0|
3	100	0	0|
3	101	0	0|
3	102	0	0|
3	103	0	0|
3	104	0	0|
3	105	0	0|
3	106	0	0|
3	107	0	0|
3	108	0	0|
3	109	0	0|
3	110	0	0|
3	111	0	0|
3	112	0	0|
3	113	0	0|
3	114	0	0|
3	115	0	0|
3	116	0	0|
3	117	0	0|
3	150	0	0|
3	200	0	0|
3	201	0	0|
3	202	0	0|
3	203	0	0|
3	204	0	0|
3	205	0	0|
3	206	0	0|
3	207	0	0|
3	208	0	0|
3	209	0	0|
3	210	0	0|
3	211	0	0|
35	4165	0	0|
35	4170	0	0|
35	4180	0	0|
35	4190	9998	0|
35	4200	10598	0|
35	4210	6893	0|
35	4240	16283	0|
35	4260	17558	0|
35	4350	0	0|
35	1050	0	0|
35	1095	0	0|
35	1130	0	0|
35	1170	0	0|
35	9140	0	0|
35	9250	0	0|
35	11066	67031	0|
35	11081	0	0|
35	11092	0	0|
35	11100	0	0|
35	11110	0	0|
35	11176	0	0|
35	11210	7643	0|
35	11220	0	0|
35	11230	0	0|
35	11250	0	0|
35	11290	0	0|
35	11310	0	0|
35	11330	0	0|
35	2010	8213	0|
35	2020	0	0|
35	2075	0	0|
35	2080	9008	0|
35	2135	16778	0|
35	2140	0	0|
35	2151	0	0|
35	2201	0	0|
35	2205	0	0|
35	2210	0	0|
35	2250	11318	0|
35	2260	0	0|
35	2270	16958	0|
35	2350	0	0|
35	2360	0	0|
35	2370	0	0|
35	2380	0	0|
35	2390	0	0|
35	2400	0	0|
35	2410	82808	0|
35	3010	8558	0|
35	3020	0	0|
35	3030	7418	0|
35	3050	10208	0|
35	3085	0	0|
35	3090	0	0|
35	3110	22553	0|
35	3120	0	0|
35	3130	0	0|
35	3150	0	0|
35	3160	0	0|
35	3185	0	0|
35	3240	0	0|
35	3256	9143	0|
35	3260	0	0|
35	3280	0	0|
35	3291	9473	0|
35	3302	0	0|
35	3310	6503	0|
35	3342	11408	0|
35	3361	9863	0|
35	3362	11273	0|
35	3372	0	0|
35	3381	15668	0|
35	3390	16628	0|
35	3410	12505	0|
35	3500	0	0|
35	3541	12473	0|
35	3640	0	0|
35	3700	0	0|
35	5030	0	0|
35	6010	10538	0|
35	6020	16628	0|
35	6030	10298	0|
35	6060	7673	0|
35	6070	8693	0|
35	6080	17363	0|
35	6090	0	0|
35	6100	8093	0|
35	6110	31613	0|
3	212	0	0|
3	213	0	0|
3	214	0	0|
3	215	0	0|
3	216	0	0|
3	217	0	0|
3	218	0	0|
3	219	0	0|
3	250	0	0|
3	251	0	0|
3	252	0	0|
3	253	0	0|
3	254	0	0|
3	255	0	0|
3	256	0	0|
3	257	0	0|
3	258	0	0|
3	259	0	0|
3	260	0	0|
3	261	0	0|
3	262	0	0|
3	263	0	0|
3	264	0	0|
3	265	0	0|
3	266	0	0|
3	267	0	0|
3	268	0	0|
3	269	0	0|
3	280	0	0|
3	281	0	0|
3	282	0	0|
3	1013	0	0|
3	1030	0	0|
3	1050	0	0|
3	1053	0	0|
3	1065	0	0|
3	1066	0	0|
3	1071	0	0|
3	1072	0	0|
3	1074	0	0|
3	1095	0	0|
3	1097	0	0|
3	1099	0	0|
3	1110	0	0|
3	1111	0	0|
3	1112	0	0|
3	1125	0	0|
3	1126	0	0|
3	1127	0	0|
3	1128	0	0|
3	1130	0	0|
3	1131	0	0|
3	1132	0	0|
3	1161	0	0|
3	1170	0	0|
3	1200	0	0|
3	1201	0	0|
3	1210	0	0|
3	1300	0	0|
3	1301	0	0|
3	1302	0	0|
3	1303	0	0|
3	1304	0	0|
3	1305	0	0|
3	1306	0	0|
3	1307	0	0|
3	1308	0	0|
3	1309	0	0|
3	1310	0	0|
3	1311	0	0|
3	1312	0	0|
3	1313	0	0|
3	1314	0	0|
3	1315	0	0|
3	1316	0	0|
3	1317	0	0|
3	1318	0	0|
3	1319	0	0|
3	1320	0	0|
3	1321	0	0|
3	1322	0	0|
3	1323	0	0|
3	1324	0	0|
3	1325	0	0|
3	1326	0	0|
3	1327	0	0|
3	1328	0	0|
3	1329	0	0|
3	1330	0	0|
3	1331	0	0|
3	1332	0	0|
3	1333	0	0|
3	1334	0	0|
3	1335	0	0|
3	1336	0	0|
3	1337	0	0|
3	1338	0	0|
3	1339	0	0|
3	1340	0	0|
3	1341	0	0|
3	1342	0	0|
3	1343	0	0|
3	1344	0	0|
3	1345	0	0|
3	1346	0	0|
3	1347	0	0|
3	1348	0	0|
3	1349	0	0|
3	1350	0	0|
3	1351	0	0|
3	1352	0	0|
3	1353	0	0|
3	1354	0	0|
3	1355	0	0|
3	1356	0	0|
3	1357	0	0|
3	1358	0	0|
3	1359	0	0|
3	1360	0	0|
3	1361	0	0|
3	1362	0	0|
3	1363	0	0|
3	1364	0	0|
3	1365	0	0|
3	1366	0	0|
3	1367	0	0|
3	1380	0	0|
3	1381	0	0|
3	1382	0	0|
3	1383	0	0|
3	1384	0	0|
3	1385	0	0|
3	1386	0	0|
3	1387	0	0|
3	1410	0	0|
3	1411	0	0|
3	1412	0	0|
3	1413	0	0|
3	1414	0	0|
3	1415	0	0|
3	1416	0	0|
3	1417	0	0|
3	1418	0	0|
3	1420	0	0|
3	1421	0	0|
3	1422	0	0|
3	1423	0	0|
3	1424	0	0|
3	1425	0	0|
3	1426	0	0|
3	1427	0	0|
3	1428	0	0|
3	1429	0	0|
3	1430	0	0|
3	1431	0	0|
35	6120	22118	0|
35	6130	26693	0|
35	6140	6038	0|
35	6150	6878	0|
35	6160	8933	0|
35	6180	17573	0|
35	6190	5888	0|
35	7040	6368	0|
35	7050	12023	0|
35	7060	6608	0|
35	7070	0	0|
35	7080	0	0|
29	1125	0	0|
29	1130	0	0|
29	1161	0	0|
29	1170	0	0|
29	1200	0	0|
29	1210	0	0|
29	2010	0	0|
29	2020	0	0|
29	2041	0	0|
29	2050	0	0|
29	2075	0	0|
29	2080	0	0|
29	2090	0	0|
29	2111	0	0|
29	2120	0	0|
29	2135	0	0|
29	2140	0	0|
29	2151	0	0|
29	2201	0	0|
29	2205	0	0|
29	2210	0	0|
29	2220	0	0|
29	2230	0	0|
29	2250	0	0|
29	2260	0	0|
29	2270	0	0|
29	2291	0	0|
29	2300	0	0|
29	2310	0	0|
29	2321	0	0|
29	2330	0	0|
29	2340	0	0|
29	2350	0	0|
29	2361	0	0|
29	2370	0	0|
29	2380	0	0|
29	2390	0	0|
29	2400	0	0|
29	2410	0	0|
29	2431	0	0|
29	2440	0	0|
29	2450	0	0|
29	2460	0	0|
29	2470	0	0|
29	2480	0	0|
29	3010	0	0|
29	3020	0	0|
29	3031	0	0|
29	3040	0	0|
29	3050	0	0|
29	3060	0	0|
29	3075	0	0|
29	3085	0	0|
29	3090	0	0|
29	3107	0	0|
29	3110	0	0|
29	3120	0	0|
29	3130	0	0|
29	3150	0	0|
29	3160	0	0|
29	3170	0	0|
29	3185	0	0|
29	3206	0	0|
29	3221	0	0|
29	3236	0	0|
29	3240	0	0|
29	3256	0	0|
29	3260	0	0|
29	3270	0	0|
29	3280	0	0|
29	3291	0	0|
29	3300	0	0|
29	3310	0	0|
29	3321	0	0|
29	3331	0	0|
29	3340	0	0|
29	3351	0	0|
29	3360	0	0|
29	3361	0	0|
29	3370	0	0|
29	3381	0	0|
29	3390	0	0|
29	3410	0	0|
29	3430	0	0|
29	3440	0	0|
29	3450	0	0|
29	3461	0	0|
29	3470	0	0|
29	3480	0	0|
29	3490	0	0|
29	3500	0	0|
29	3530	0	0|
29	3541	0	0|
29	3550	0	0|
29	3561	0	0|
29	3610	0	0|
29	3640	0	0|
29	3700	0	0|
29	3710	0	0|
29	4010	0	0|
29	4020	0	0|
29	4030	0	0|
29	4040	0	0|
29	4060	0	0|
29	4070	0	0|
29	4080	0	0|
29	4101	0	0|
29	4110	0	0|
29	4130	0	0|
29	4140	0	0|
29	4155	0	0|
29	4165	0	0|
29	4170	0	0|
30	3030	20	0|
30	3031	18	0|
30	3041	25	0|
30	3050	27	0|
30	3061	32	0|
30	3076	44	0|
30	3090	31	0|
30	3111	45	0|
30	3122	63	0|
30	3130	38	0|
30	3162	58	0|
30	3172	87	0|
30	3206	152	0|
30	3222	114	0|
30	3240	25	0|
30	3256	23	0|
30	3262	43	0|
30	3300	15	0|
30	3331	31	0|
30	3342	28	0|
30	3410	44	0|
30	3470	13	0|
30	3481	137	0|
30	3491	43	0|
30	3550	41	0|
30	51258	63	0|
30	51288	63	0|
30	53495	92	0|
30	53500	113	0|
30	55972	35	0|
30	55973	39	0|
30	55993	65	0|
30	57651	20	0|
30	57652	18	0|
30	57653	18	0|
30	57654	20	0|
30	57655	20	0|
30	57656	20	0|
30	57661	22	0|
30	57664	24	0|
30	57665	23	0|
30	57673	26	0|
30	57674	28	0|
30	57675	26	0|
30	57676	20	0|
30	57682	27	0|
30	57685	41	0|
30	57687	49	0|
30	57694	72	0|
30	57701	44	0|
30	69329	26	0|
30	69361	96	0|
30	69570	199	0|
30	69864	17	0|
30	69891	62	0|
30	1368	47	0|
30	70100	36	0|
30	70104	31	0|
30	70126	112	0|
30	70191	97	0|
30	80012	51	0|
30	80019	19	0|
30	80020	19	0|
30	80023	77	0|
30	80026	43	0|
30	80054	46	0|
30	80064	42	0|
30	80079	46	0|
30	80085	41	0|
30	80704	122	0|
30	80705	105	0|
30	80707	69	0|
30	80710	78	0|
30	80711	47	0|
30	80720	49	0|
30	99873	67	0|
30	70324	412	0|
30	80161	27	0|
30	1369	153	0|
30	1370	403	0|
30	1371	298	0|
30	1361	128	0|
30	1362	403	0|
30	1363	518	0|
30	1364	425	0|
30	1365	507	0|
30	1366	111	0|
30	1367	25	0|
30	4011	19	0|
30	4021	19	0|
30	4031	19	0|
30	4041	19	0|
30	4101	207	0|
30	4111	158	0|
30	4171	156	0|
30	80723	56	0|
30	1013	69	0|
30	1072	81	0|
30	1097	60	0|
30	1099	56	0|
30	1112	138	0|
30	1322	724	0|
30	1323	302	0|
30	2010	20	0|
30	11066	166	0|
30	11232	32	0|
30	11291	98	0|
30	50088	83	0|
30	55772	103	0|
30	55906	861	0|
30	55909	173	0|
30	55929	166	0|
30	55930	45	0|
30	55965	1352	0|
30	55967	366	0|
30	55968	795	0|
30	55969	1637	0|
30	55970	55	0|
30	55971	31	0|
30	55974	71	0|
30	55975	116	0|
30	55978	149	0|
30	55979	122	0|
30	55980	157	0|
30	55981	86	0|
3	1432	0	0|
3	1433	0	0|
35	7090	11468	0|
35	7100	0	0|
35	7120	0	0|
35	9380	0	0|
35	15050	0	0|
35	15060	0	0|
35	15061	14258	0|
35	15062	14258	0|
35	15100	18263	0|
35	15110	17213	0|
35	15120	0	0|
35	15130	0	0|
35	15140	0	0|
35	15151	32393	0|
35	15152	34283	0|
35	15170	0	0|
35	15180	0	0|
35	15190	0	0|
35	15200	0	0|
35	15210	0	0|
35	15320	0	0|
35	15330	0	0|
35	8010	9623	0|
30	55985	689	0|
30	55986	437	0|
30	55987	572	0|
30	55988	121	0|
30	55989	367	0|
30	57650	22	0|
3	1546	0	0|
3	1547	0	0|
3	1548	0	0|
3	1549	0	0|
3	1956	0	0|
3	2010	0	0|
3	2020	0	0|
3	2041	0	0|
3	2042	0	0|
3	2050	0	0|
3	2051	0	0|
3	2075	0	0|
3	2076	0	0|
3	2080	0	0|
3	2090	0	0|
3	2091	0	0|
3	2093	0	0|
3	2111	0	0|
3	2120	0	0|
3	2121	0	0|
3	2122	0	0|
3	2123	0	0|
3	2135	0	0|
3	2140	0	0|
3	2141	0	0|
3	2151	0	0|
3	2152	0	0|
3	2201	0	0|
3	2205	0	0|
3	2210	0	0|
3	2211	0	0|
3	2212	0	0|
3	2220	0	0|
3	2230	0	0|
3	2240	0	0|
3	2250	0	0|
3	2260	0	0|
3	2270	0	0|
3	2291	0	0|
3	2300	0	0|
3	2310	0	0|
3	2321	0	0|
3	2330	0	0|
3	2340	0	0|
3	2350	0	0|
3	2351	0	0|
3	2352	0	0|
3	2360	0	0|
3	2361	0	0|
3	2370	0	0|
3	2380	0	0|
3	2390	0	0|
3	2391	0	0|
3	2400	0	0|
3	2402	0	0|
3	2403	0	0|
3	2410	0	0|
3	2431	0	0|
3	2440	0	0|
3	2441	0	0|
3	2442	0	0|
3	2450	0	0|
3	2460	0	0|
3	2461	0	0|
3	3010	0	0|
3	3020	0	0|
3	3021	0	0|
3	3030	0	0|
3	3031	0	0|
34	55859	0	0|
34	55339	0	0|
34	55854	0	0|
34	55861	0	0|
34	55862	0	0|
34	55863	0	0|
34	55868	0	0|
34	55871	0	0|
34	69336	0	0|
3	3040	0	0|
3	3041	0	0|
3	3042	0	0|
3	3050	0	0|
3	3051	0	0|
3	3052	0	0|
3	3060	0	0|
3	3061	0	0|
3	3075	0	0|
3	3076	0	0|
3	3077	0	0|
3	3085	0	0|
3	3090	0	0|
3	3091	0	0|
3	3107	0	0|
3	3108	0	0|
3	3110	0	0|
3	3111	0	0|
3	3120	0	0|
3	3122	0	0|
3	3130	0	0|
3	3150	0	0|
3	3160	0	0|
3	3162	0	0|
3	3163	0	0|
3	3164	0	0|
3	3170	0	0|
3	3171	0	0|
3	3172	0	0|
3	3185	0	0|
3	3206	0	0|
3	3221	0	0|
3	3222	0	0|
3	3236	0	0|
3	3240	0	0|
3	3256	0	0|
30	70313	299	0|
30	70319	396	0|
30	70322	41	0|
30	70323	41	0|
30	70325	202	0|
30	70326	202	0|
30	70327	267	0|
30	70328	267	0|
30	70329	105	0|
30	70330	105	0|
30	70331	41	0|
30	70332	41	0|
30	70333	481	0|
30	70334	567	0|
30	80170	161	0|
30	80171	186	0|
30	80702	87	0|
30	80717	295	0|
30	90540	363	0|
30	90541	326	0|
30	96986	34	0|
30	99388	70	0|
30	99809	96	0|
30	99890	99	0|
30	8076	126	0|
30	99900	300	0|
30	99901	249	0|
30	99902	173	0|
30	99903	41	0|
30	99904	49	0|
30	99905	277	0|
30	99906	29	0|
30	99907	240	0|
30	99908	272	0|
30	99909	208	0|
30	99910	244	0|
30	2441	20	0|
30	5053	77	0|
30	9161	24	0|
30	57698	40	0|
30	80044	15	0|
30	80098	53	0|
30	80099	51	0|
30	80102	14	0|
30	80160	21	0|
30	80162	18	0|
30	80163	18	0|
30	80164	31	0|
30	80165	16	0|
30	80166	13	0|
30	99820	120	0|
30	99821	127	0|
30	99822	146	0|
30	99823	167	0|
30	99824	182	0|
30	99825	133	0|
30	99826	151	0|
30	10270	50	0|
30	11331	113	0|
30	50064	125	0|
30	55926	389	0|
30	55940	120	0|
30	80718	118	0|
30	99891	81	0|
30	99911	69	0|
30	6010	20	0|
30	6020	35	0|
30	6051	37	0|
30	6100	20	0|
30	6180	35	0|
30	16030	19	0|
30	16091	15	0|
30	57679	32	0|
30	70113	92	0|
30	70115	102	0|
30	70155	265	0|
30	80071	22	0|
30	99870	80	0|
30	1338	126	0|
30	2123	37	0|
30	2135	42	0|
30	2151	78	0|
30	2210	95	0|
30	10095	12	0|
30	53154	127	0|
30	55994	110	0|
30	55995	51	0|
30	57663	29	0|
30	57688	40	0|
30	80069	23	0|
30	80070	46	0|
30	80121	192	0|
30	80125	21	0|
30	80128	25	0|
30	80701	56	0|
30	80703	65	0|
30	80708	109	0|
30	80709	519	0|
30	80714	81	0|
30	80715	51	0|
30	80716	51	0|
30	96950	65	0|
30	7120	42	0|
30	57670	19	0|
30	57680	33	0|
30	80014	79	0|
30	80015	53	0|
30	80016	22	0|
30	80017	25	0|
30	80028	39	0|
30	80029	41	0|
30	80030	230	0|
30	80031	74	0|
30	80036	46	0|
30	80037	44	0|
30	80039	36	0|
30	80055	72	0|
30	80056	118	0|
30	80059	52	0|
30	80060	203	0|
30	80063	69	0|
30	80068	38	0|
30	80073	94	0|
30	80086	50	0|
30	80107	50	0|
30	80108	46	0|
30	80109	186	0|
30	80110	77	0|
30	80111	106	0|
30	80112	190	0|
30	80113	24	0|
30	80114	217	0|
30	80115	204	0|
30	80116	18	0|
30	80117	11	0|
30	80118	20	0|
30	80119	16	0|
30	80122	368	0|
30	80123	368	0|
30	80124	20	0|
30	80127	56	0|
29	10045	0	0|
29	10050	0	0|
29	10060	0	0|
29	10070	0	0|
29	10080	0	0|
29	10095	0	0|
29	10106	0	0|
29	10115	0	0|
29	10120	0	0|
29	10130	0	0|
29	10140	0	0|
29	10155	0	0|
29	10160	0	0|
29	10170	0	0|
29	10191	0	0|
29	10201	0	0|
29	10210	0	0|
29	10220	0	0|
29	10231	0	0|
29	10240	0	0|
29	10250	0	0|
29	10261	0	0|
29	10262	0	0|
29	10270	0	0|
29	10340	0	0|
29	10350	0	0|
29	10360	0	0|
29	10370	0	0|
29	10390	0	0|
29	10500	0	0|
29	10510	0	0|
29	10520	0	0|
29	10530	0	0|
29	11011	0	0|
29	11026	0	0|
29	11036	0	0|
29	11041	0	0|
29	11066	0	0|
29	11081	0	0|
29	11092	0	0|
29	11100	0	0|
29	11110	0	0|
29	11176	0	0|
29	11205	0	0|
29	11210	0	0|
29	11220	0	0|
29	11230	0	0|
29	11250	0	0|
29	11260	0	0|
29	11270	0	0|
29	11290	0	0|
29	11310	0	0|
29	11330	0	0|
29	11341	0	0|
29	12011	0	0|
29	12020	0	0|
29	12031	0	0|
29	12060	0	0|
29	12070	0	0|
29	12080	0	0|
29	13010	0	0|
29	13020	0	0|
29	13030	0	0|
29	13040	0	0|
29	13051	0	0|
29	13060	0	0|
29	13070	0	0|
29	13090	0	0|
29	13100	0	0|
29	13130	0	0|
29	14010	0	0|
29	14020	0	0|
29	14030	0	0|
29	14040	0	0|
29	14050	0	0|
29	14070	0	0|
29	14080	0	0|
29	14090	0	0|
29	14110	0	0|
29	15010	0	0|
29	15021	0	0|
29	15022	0	0|
29	15040	0	0|
29	15050	0	0|
29	15061	0	0|
29	15062	0	0|
29	15100	0	0|
29	15110	0	0|
29	15120	0	0|
29	15130	0	0|
29	15140	0	0|
29	15151	0	0|
29	15152	0	0|
29	15160	0	0|
29	15170	0	0|
29	15180	0	0|
29	15190	0	0|
29	15200	0	0|
29	15210	0	0|
29	15320	0	0|
29	15330	0	0|
29	16000	0	0|
29	16010	0	0|
29	16020	0	0|
29	16030	0	0|
29	16050	0	0|
29	16080	0	0|
29	16090	0	0|
29	16100	0	0|
29	69317	0	0|
29	90046	0	0|
29	90047	0	0|
29	90048	0	0|
29	90049	0	0|
29	90050	0	0|
29	90051	0	0|
29	90052	0	0|
29	90053	0	0|
29	90054	0	0|
29	90055	0	0|
29	90056	0	0|
29	90057	0	0|
29	90058	0	0|
29	90059	0	0|
29	90060	0	0|
29	90061	0	0|
29	90062	0	0|
29	90063	0	0|
29	90065	0	0|
29	90066	0	0|
29	90067	0	0|
29	90068	0	0|
29	90152	0	0|
29	90153	0	0|
29	90154	0	0|
29	90155	0	0|
29	90156	0	0|
29	90157	0	0|
29	90158	0	0|
29	90159	0	0|
29	90160	0	0|
29	90161	0	0|
29	90162	0	0|
29	90163	0	0|
29	90164	0	0|
29	90165	0	0|
29	90166	0	0|
29	90183	0	0|
29	90187	0	0|
29	90214	0	0|
29	90215	0	0|
29	90216	0	0|
29	90217	0	0|
29	90218	0	0|
29	90219	0	0|
29	90220	0	0|
29	90221	0	0|
29	90230	0	0|
29	90231	0	0|
29	90232	0	0|
29	90233	0	0|
29	90238	0	0|
29	90239	0	0|
29	90240	0	0|
29	90241	0	0|
29	90258	0	0|
29	90259	0	0|
29	90260	0	0|
29	90261	0	0|
29	90270	0	0|
29	90271	0	0|
29	90272	0	0|
29	90273	0	0|
29	90274	0	0|
29	90275	0	0|
29	90276	0	0|
29	90277	0	0|
29	90350	0	0|
29	90351	0	0|
30	2205	107	0|
30	8030	22	0|
30	8040	67	0|
3	90711	0	0|
3	90712	0	0|
3	90714	0	0|
3	90717	0	0|
3	90721	0	0|
3	90722	0	0|
3	90724	0	0|
3	96912	0	0|
3	96983	0	0|
3	96986	0	0|
3	99000	0	0|
3	99001	0	0|
3	99004	0	0|
3	99005	0	0|
3	99008	0	0|
3	99011	0	0|
3	99012	0	0|
3	99013	0	0|
3	99020	0	0|
3	99028	0	0|
3	99040	0	0|
3	99041	0	0|
3	99042	0	0|
3	99043	0	0|
3	99044	0	0|
3	99045	0	0|
3	99046	0	0|
3	99050	0	0|
3	99200	0	0|
3	99202	0	0|
3	99203	0	0|
3	99204	0	0|
3	99205	0	0|
3	99206	0	0|
3	99207	0	0|
3	99210	0	0|
3	99211	0	0|
3	99212	0	0|
3	99213	0	0|
3	99214	0	0|
3	99215	0	0|
3	99216	0	0|
3	99217	0	0|
3	99218	0	0|
3	99219	0	0|
3	99221	0	0|
3	99222	0	0|
3	99223	0	0|
3	99225	0	0|
3	99226	0	0|
3	99227	0	0|
3	99229	0	0|
3	99230	0	0|
3	99231	0	0|
3	99233	0	0|
3	99235	0	0|
3	99236	0	0|
3	99237	0	0|
3	99238	0	0|
3	99239	0	0|
3	99240	0	0|
3	99241	0	0|
3	99242	0	0|
3	99244	0	0|
3	99245	0	0|
3	99246	0	0|
3	99247	0	0|
3	99249	0	0|
30	13070	20	0|
30	13090	32	0|
30	70146	249	0|
30	70148	280	0|
30	1300	100	0|
3	90725	0	0|
3	99250	0	0|
3	99251	0	0|
3	99252	0	0|
3	99253	0	0|
3	99254	0	0|
3	99256	0	0|
3	99257	0	0|
3	99258	0	0|
3	99259	0	0|
3	99260	0	0|
3	99261	0	0|
3	99262	0	0|
3	99263	0	0|
3	99264	0	0|
3	99265	0	0|
3	99266	0	0|
3	99267	0	0|
3	99268	0	0|
3	99269	0	0|
3	99270	0	0|
3	99272	0	0|
3	99273	0	0|
3	99275	0	0|
3	99276	0	0|
3	99277	0	0|
3	99279	0	0|
3	99282	0	0|
3	99283	0	0|
3	99286	0	0|
3	99388	0	0|
3	99390	0	0|
3	99404	0	0|
3	99408	0	0|
3	99420	0	0|
3	99511	0	0|
3	99512	0	0|
3	99800	0	0|
3	99803	0	0|
3	99809	0	0|
3	99810	0	0|
3	99811	0	0|
3	99813	0	0|
3	99814	0	0|
3	99816	0	0|
3	99818	0	0|
3	99820	0	0|
3	99821	0	0|
3	99822	0	0|
3	99823	0	0|
3	99824	0	0|
3	99825	0	0|
3	99826	0	0|
3	99828	0	0|
3	99829	0	0|
3	99830	0	0|
30	1301	96	0|
30	1302	152	0|
30	1303	96	0|
30	1304	101	0|
30	1305	190	0|
30	1306	130	0|
30	1307	81	0|
30	1308	81	0|
30	2402	312	0|
30	1352	209	0|
30	1353	315	0|
3	99840	0	0|
3	99850	0	0|
3	99851	0	0|
3	99852	0	0|
3	99853	0	0|
3	99870	0	0|
3	99873	0	0|
3	99875	0	0|
3	99876	0	0|
3	99890	0	0|
3	99891	0	0|
3	99900	0	0|
3	99901	0	0|
3	99902	0	0|
3	99903	0	0|
3	99904	0	0|
3	99905	0	0|
3	99906	0	0|
3	99907	0	0|
3	99908	0	0|
3	99909	0	0|
3	99910	0	0|
3	99911	0	0|
3	99914	0	0|
3	99920	0	0|
3	99923	0	0|
30	1354	359	0|
30	1355	296	0|
30	1356	496	0|
30	1357	298	0|
30	1358	498	0|
30	1359	301	0|
30	1360	431	0|
30	15100	64	0|
30	15110	64	0|
30	15151	76	0|
30	15152	105	0|
30	15154	155	0|
30	57666	22	0|
30	57667	22	0|
30	57686	36	0|
30	1310	58	0|
30	1311	78	0|
30	1312	156	0|
30	1313	124	0|
30	1314	56	0|
30	1315	167	0|
30	1316	176	0|
30	1317	92	0|
30	1318	156	0|
30	1319	83	0|
30	1320	79	0|
30	1321	66	0|
30	10021	22	0|
30	70116	92	0|
30	70117	109	0|
30	99811	86	0|
30	99914	122	0|
30	57695	34	0|
30	57696	57	0|
30	69574	99	0|
30	70112	123	0|
30	70169	356	0|
30	70300	472	0|
30	70301	541	0|
30	70302	613	0|
30	70303	45	0|
30	70304	73	0|
30	70305	57	0|
30	70306	150	0|
30	70307	249	0|
30	70308	202	0|
3	3260	0	0|
3	3261	0	0|
3	3262	0	0|
3	3270	0	0|
3	3271	0	0|
3	3280	0	0|
3	3281	0	0|
3	3291	0	0|
3	3300	0	0|
3	3302	0	0|
3	3310	0	0|
3	3321	0	0|
3	3331	0	0|
3	3340	0	0|
3	3342	0	0|
3	3351	0	0|
3	3352	0	0|
3	3360	0	0|
3	3361	0	0|
3	3362	0	0|
3	3370	0	0|
3	3372	0	0|
3	3381	0	0|
3	3390	0	0|
3	3401	0	0|
3	3410	0	0|
3	3411	0	0|
3	3430	0	0|
3	3431	0	0|
3	3440	0	0|
3	3441	0	0|
3	3450	0	0|
3	3451	0	0|
3	3461	0	0|
3	3470	0	0|
3	3471	0	0|
3	3480	0	0|
3	3481	0	0|
3	3482	0	0|
3	3490	0	0|
3	3491	0	0|
3	3500	0	0|
3	3530	0	0|
3	3540	0	0|
3	3541	0	0|
3	3550	0	0|
3	3561	0	0|
3	3610	0	0|
3	3640	0	0|
3	3641	0	0|
3	3700	0	0|
3	3701	0	0|
3	3710	0	0|
3	3711	0	0|
3	4010	0	0|
3	4011	0	0|
3	4020	0	0|
3	4021	0	0|
3	4030	0	0|
3	4031	0	0|
3	4040	0	0|
3	4041	0	0|
3	4060	0	0|
3	4061	0	0|
3	4070	0	0|
3	4080	0	0|
3	4095	0	0|
3	4101	0	0|
3	4102	0	0|
3	4110	0	0|
3	4111	0	0|
3	4130	0	0|
3	4140	0	0|
3	4155	0	0|
3	4156	0	0|
3	4165	0	0|
3	4170	0	0|
3	4171	0	0|
3	4180	0	0|
3	4181	0	0|
3	4190	0	0|
3	4200	0	0|
3	4210	0	0|
3	4220	0	0|
3	4221	0	0|
3	4223	0	0|
3	4225	0	0|
3	4240	0	0|
3	4251	0	0|
3	4252	0	0|
3	4260	0	0|
3	4271	0	0|
3	4272	0	0|
3	4350	0	0|
3	5010	0	0|
3	5011	0	0|
3	5020	0	0|
3	5030	0	0|
3	5040	0	0|
3	5041	0	0|
3	5042	0	0|
3	5043	0	0|
3	5044	0	0|
3	5050	0	0|
3	5052	0	0|
3	5053	0	0|
3	6010	0	0|
3	6015	0	0|
3	6020	0	0|
3	6030	0	0|
3	6040	0	0|
3	6042	0	0|
3	6050	0	0|
3	6051	0	0|
3	6060	0	0|
3	6070	0	0|
3	6080	0	0|
3	6090	0	0|
3	6091	0	0|
3	6100	0	0|
3	6110	0	0|
3	6120	0	0|
3	6130	0	0|
3	6140	0	0|
3	6150	0	0|
3	6160	0	0|
3	6180	0	0|
3	6190	0	0|
3	7040	0	0|
3	7041	0	0|
3	7042	0	0|
3	7050	0	0|
3	7060	0	0|
3	7070	0	0|
3	7080	0	0|
3	7090	0	0|
3	7100	0	0|
3	7120	0	0|
3	7121	0	0|
3	8010	0	0|
3	8020	0	0|
3	8021	0	0|
3	8022	0	0|
3	8023	0	0|
3	8030	0	0|
3	8040	0	0|
3	8076	0	0|
3	8080	0	0|
3	8141	0	0|
3	9010	0	0|
3	9021	0	0|
3	9030	0	0|
3	9060	0	0|
3	9071	0	0|
3	9090	0	0|
3	9130	0	0|
3	9132	0	0|
3	9140	0	0|
3	9150	0	0|
3	9160	0	0|
3	9161	0	0|
3	9171	0	0|
3	9180	0	0|
3	9190	0	0|
3	9200	0	0|
3	9210	0	0|
3	9220	0	0|
3	9221	0	0|
3	9230	0	0|
3	9240	0	0|
3	9241	0	0|
3	9250	0	0|
3	9251	0	0|
3	9260	0	0|
3	9270	0	0|
3	9300	0	0|
3	9330	0	0|
3	9350	0	0|
3	9360	0	0|
3	9380	0	0|
3	9500	0	0|
3	9501	0	0|
3	10010	0	0|
3	10011	0	0|
3	10020	0	0|
3	10021	0	0|
3	10035	0	0|
3	10036	0	0|
3	10045	0	0|
3	10046	0	0|
3	10050	0	0|
3	10051	0	0|
3	10060	0	0|
3	10061	0	0|
3	10070	0	0|
3	10072	0	0|
3	10080	0	0|
3	10095	0	0|
3	10106	0	0|
3	10115	0	0|
3	10120	0	0|
3	10130	0	0|
3	10131	0	0|
3	10140	0	0|
3	10155	0	0|
3	10156	0	0|
3	10160	0	0|
3	10170	0	0|
3	10190	0	0|
3	10191	0	0|
3	10200	0	0|
3	10201	0	0|
3	10210	0	0|
3	10220	0	0|
3	10231	0	0|
3	10240	0	0|
3	10250	0	0|
3	10261	0	0|
3	10262	0	0|
3	10270	0	0|
3	10271	0	0|
3	10340	0	0|
3	10341	0	0|
3	10342	0	0|
3	10343	0	0|
3	10350	0	0|
3	10360	0	0|
3	10370	0	0|
3	10390	0	0|
3	10391	0	0|
3	10500	0	0|
3	10501	0	0|
3	10510	0	0|
3	10520	0	0|
3	10530	0	0|
3	11026	0	0|
3	11040	0	0|
3	11041	0	0|
3	90715	0	0|
3	90726	0	0|
30	70314	359	0|
30	1324	115	0|
30	1325	344	0|
30	1372	508	0|
30	1373	339	0|
30	1374	159	0|
3	11042	0	0|
3	11043	0	0|
3	11044	0	0|
3	11066	0	0|
3	11081	0	0|
3	11082	0	0|
3	11092	0	0|
3	11093	0	0|
3	11095	0	0|
3	11100	0	0|
3	11110	0	0|
3	11131	0	0|
3	11166	0	0|
3	11205	0	0|
3	11207	0	0|
3	11210	0	0|
3	11220	0	0|
3	11230	0	0|
3	11231	0	0|
3	11232	0	0|
3	11250	0	0|
3	11260	0	0|
3	11270	0	0|
3	11290	0	0|
3	11291	0	0|
3	11310	0	0|
3	11323	0	0|
3	11330	0	0|
3	11331	0	0|
3	11332	0	0|
3	11341	0	0|
3	11342	0	0|
3	12011	0	0|
3	12020	0	0|
3	12031	0	0|
3	12060	0	0|
3	12061	0	0|
3	12062	0	0|
3	12070	0	0|
3	12080	0	0|
3	12081	0	0|
3	13010	0	0|
3	13020	0	0|
3	13030	0	0|
3	13040	0	0|
3	13051	0	0|
3	13060	0	0|
3	13070	0	0|
3	13090	0	0|
3	13100	0	0|
3	13130	0	0|
3	14010	0	0|
3	14011	0	0|
3	14012	0	0|
3	14020	0	0|
3	14021	0	0|
3	14030	0	0|
3	14040	0	0|
3	14041	0	0|
3	14050	0	0|
3	14051	0	0|
3	14060	0	0|
3	14062	0	0|
3	14070	0	0|
3	14071	0	0|
3	14072	0	0|
3	14080	0	0|
3	14081	0	0|
3	14090	0	0|
3	14110	0	0|
3	15010	0	0|
3	15021	0	0|
3	15022	0	0|
3	15040	0	0|
3	15041	0	0|
3	15050	0	0|
3	15051	0	0|
3	15060	0	0|
3	15061	0	0|
3	15062	0	0|
3	15100	0	0|
3	15110	0	0|
3	15120	0	0|
3	15130	0	0|
3	15131	0	0|
3	15140	0	0|
3	15141	0	0|
3	15151	0	0|
3	15152	0	0|
3	15154	0	0|
3	15160	0	0|
3	15161	0	0|
3	15162	0	0|
3	15170	0	0|
3	15171	0	0|
3	15180	0	0|
3	15181	0	0|
3	15190	0	0|
3	15191	0	0|
3	15200	0	0|
3	15201	0	0|
3	15210	0	0|
3	15211	0	0|
3	15320	0	0|
3	15330	0	0|
3	16000	0	0|
3	16010	0	0|
3	16020	0	0|
3	16030	0	0|
3	16050	0	0|
3	16080	0	0|
3	16081	0	0|
3	16090	0	0|
3	16091	0	0|
3	16100	0	0|
3	16110	0	0|
3	40472	0	0|
3	40473	0	0|
3	50052	0	0|
3	50053	0	0|
3	50054	0	0|
3	50055	0	0|
3	50056	0	0|
3	50058	0	0|
3	50063	0	0|
3	50064	0	0|
3	50065	0	0|
3	50068	0	0|
3	50069	0	0|
3	50070	0	0|
3	50071	0	0|
3	50072	0	0|
3	50073	0	0|
3	50074	0	0|
3	50075	0	0|
3	50076	0	0|
3	50077	0	0|
3	50078	0	0|
3	50079	0	0|
3	50080	0	0|
3	50081	0	0|
3	50082	0	0|
3	50083	0	0|
3	50084	0	0|
3	50085	0	0|
3	50086	0	0|
3	50087	0	0|
3	50088	0	0|
3	50089	0	0|
3	51258	0	0|
3	51288	0	0|
3	53154	0	0|
3	53184	0	0|
3	53185	0	0|
3	53186	0	0|
3	53193	0	0|
3	53204	0	0|
3	53205	0	0|
3	53276	0	0|
3	53347	0	0|
3	53375	0	0|
3	53406	0	0|
3	53421	0	0|
3	53495	0	0|
3	53499	0	0|
3	53500	0	0|
3	53512	0	0|
3	53750	0	0|
3	55230	0	0|
3	55333	0	0|
3	55374	0	0|
3	55469	0	0|
3	55564	0	0|
3	55692	0	0|
3	55703	0	0|
3	55772	0	0|
3	55785	0	0|
3	55873	0	0|
3	55900	0	0|
3	55901	0	0|
3	55902	0	0|
3	55903	0	0|
3	55904	0	0|
3	55905	0	0|
3	55906	0	0|
3	55907	0	0|
3	55908	0	0|
3	55909	0	0|
3	55910	0	0|
3	55911	0	0|
3	55912	0	0|
3	55913	0	0|
3	55914	0	0|
3	55915	0	0|
3	55916	0	0|
3	55917	0	0|
3	55918	0	0|
3	55919	0	0|
3	55920	0	0|
3	55921	0	0|
3	55923	0	0|
3	55924	0	0|
3	55925	0	0|
3	55926	0	0|
3	55927	0	0|
3	55928	0	0|
3	55929	0	0|
3	55930	0	0|
3	55931	0	0|
3	55940	0	0|
3	55945	0	0|
3	55961	0	0|
3	55963	0	0|
3	55964	0	0|
3	55965	0	0|
3	55967	0	0|
3	55968	0	0|
3	55969	0	0|
3	55970	0	0|
3	55971	0	0|
3	55972	0	0|
3	55973	0	0|
3	55974	0	0|
3	55975	0	0|
3	55976	0	0|
3	55977	0	0|
3	55978	0	0|
3	55979	0	0|
3	55980	0	0|
3	55981	0	0|
3	55982	0	0|
3	55983	0	0|
3	55984	0	0|
3	55985	0	0|
3	55986	0	0|
3	55987	0	0|
3	55988	0	0|
3	55989	0	0|
3	55990	0	0|
3	55991	0	0|
3	55992	0	0|
3	55993	0	0|
3	55994	0	0|
3	55995	0	0|
3	55999	0	0|
3	56000	0	0|
3	56001	0	0|
3	56002	0	0|
3	56003	0	0|
3	57037	0	0|
3	57196	0	0|
3	57280	0	0|
3	57350	0	0|
3	57374	0	0|
3	57375	0	0|
3	57382	0	0|
3	57390	0	0|
3	57402	0	0|
3	57413	0	0|
3	57418	0	0|
3	57430	0	0|
3	57459	0	0|
3	57598	0	0|
3	57650	0	0|
3	57651	0	0|
3	57652	0	0|
3	57653	0	0|
3	57654	0	0|
3	57655	0	0|
3	57656	0	0|
3	57657	0	0|
3	57659	0	0|
3	57660	0	0|
3	57661	0	0|
3	57663	0	0|
3	57664	0	0|
3	57665	0	0|
3	57666	0	0|
3	57667	0	0|
3	57668	0	0|
3	57669	0	0|
3	57670	0	0|
3	57671	0	0|
3	57673	0	0|
3	57674	0	0|
3	57675	0	0|
3	57676	0	0|
3	57679	0	0|
3	57680	0	0|
3	57681	0	0|
3	57682	0	0|
3	57683	0	0|
3	57684	0	0|
3	57685	0	0|
3	57686	0	0|
3	57687	0	0|
3	57688	0	0|
3	57689	0	0|
3	57691	0	0|
3	57694	0	0|
3	57695	0	0|
3	57696	0	0|
3	57697	0	0|
3	57698	0	0|
3	57701	0	0|
3	66891	0	0|
3	69164	0	0|
3	69268	0	0|
3	69269	0	0|
3	69270	0	0|
3	69271	0	0|
3	69272	0	0|
3	69273	0	0|
3	69274	0	0|
3	69275	0	0|
3	69276	0	0|
3	69277	0	0|
3	69278	0	0|
3	69280	0	0|
3	69281	0	0|
3	69285	0	0|
3	69286	0	0|
3	69287	0	0|
3	69288	0	0|
3	69289	0	0|
3	69290	0	0|
3	69293	0	0|
3	69294	0	0|
3	69296	0	0|
3	69297	0	0|
3	69300	0	0|
3	69301	0	0|
3	69304	0	0|
3	69305	0	0|
3	69306	0	0|
3	69307	0	0|
3	69308	0	0|
3	69310	0	0|
3	69312	0	0|
3	69313	0	0|
3	69314	0	0|
3	69316	0	0|
3	69317	0	0|
3	69324	0	0|
3	69326	0	0|
3	69329	0	0|
3	69330	0	0|
3	69331	0	0|
3	69334	0	0|
3	69335	0	0|
3	69336	0	0|
3	69337	0	0|
3	69338	0	0|
3	69339	0	0|
3	69340	0	0|
3	69341	0	0|
3	69342	0	0|
3	69343	0	0|
3	69344	0	0|
3	69345	0	0|
3	69347	0	0|
3	69348	0	0|
3	69351	0	0|
3	69357	0	0|
3	69358	0	0|
3	69359	0	0|
3	69361	0	0|
3	69416	0	0|
3	69426	0	0|
3	69450	0	0|
3	69451	0	0|
3	69454	0	0|
3	69455	0	0|
3	69570	0	0|
3	69574	0	0|
3	69581	0	0|
3	69606	0	0|
3	69607	0	0|
3	69608	0	0|
3	69609	0	0|
3	69610	0	0|
3	69800	0	0|
3	69802	0	0|
3	69808	0	0|
3	69809	0	0|
3	69850	0	0|
3	69853	0	0|
3	69854	0	0|
3	69855	0	0|
3	69856	0	0|
3	69857	0	0|
3	80700	0	0|
3	80701	0	0|
3	80702	0	0|
3	80703	0	0|
3	80704	0	0|
3	80705	0	0|
3	80706	0	0|
3	80707	0	0|
3	80708	0	0|
3	80709	0	0|
3	80710	0	0|
3	80711	0	0|
3	80712	0	0|
3	80713	0	0|
3	80714	0	0|
3	80715	0	0|
3	80716	0	0|
3	80717	0	0|
3	80718	0	0|
3	80720	0	0|
3	80721	0	0|
3	80722	0	0|
3	80723	0	0|
3	90099	0	0|
3	90144	0	0|
3	90318	0	0|
3	90363	0	0|
3	90365	0	0|
3	90367	0	0|
3	90368	0	0|
3	90370	0	0|
3	90371	0	0|
3	90375	0	0|
3	90376	0	0|
3	90405	0	0|
3	90410	0	0|
3	90412	0	0|
3	90413	0	0|
3	90422	0	0|
3	90505	0	0|
3	90507	0	0|
3	90509	0	0|
3	90512	0	0|
3	90515	0	0|
3	90540	0	0|
3	90541	0	0|
3	90702	0	0|
3	90703	0	0|
3	90704	0	0|
3	90705	0	0|
3	90706	0	0|
3	90707	0	0|
3	90708	0	0|
36	5020	4945	0|
36	80102	3225	0|
36	80160	5855	0|
36	80162	4945	0|
36	80163	4945	0|
36	80165	4185	0|
36	90144	66545	0|
36	99203	3985	0|
36	99820	34645	0|
36	99821	36175	0|
36	99822	41555	0|
36	99823	47015	0|
36	99824	51075	0|
36	99825	37555	0|
36	99826	40685	0|
36	12020	9365	0|
36	12061	24325	0|
36	16010	5975	0|
36	16030	5575	0|
36	16090	3345	0|
36	16100	10175	0|
36	57663	9095	0|
36	69609	37015	0|
36	70400	31835	0|
36	70401	29955	0|
36	70402	113795	0|
36	70403	79705	0|
36	80713	26715	0|
36	99042	21135	0|
36	12011	12495	0|
36	12031	5545	0|
36	16000	25845	0|
36	16020	4995	0|
36	16050	7845	0|
36	57669	5045	0|
36	57670	5575	0|
36	57679	10125	0|
36	69270	64785	0|
36	70479	8345	0|
36	70483	4785	0|
36	70484	4235	0|
36	14021	12535	0|
36	14030	23115	0|
36	1524	13545	0|
36	70441	24005	0|
36	70442	21165	0|
36	14071	10805	0|
36	14072	12525	0|
36	14090	7705	0|
36	14051	18935	0|
36	3031	4735	0|
36	99200	6005	0|
36	3256	6095	0|
36	3300	3975	0|
36	3310	4335	0|
36	3342	7605	0|
36	3370	5635	0|
36	3381	10445	0|
36	3541	8315	0|
36	70455	10685	0|
36	70457	11295	0|
36	3361	6575	0|
36	69348	6415	0|
36	70456	7335	0|
36	3206	38395	0|
36	3352	4195	0|
36	3362	7515	0|
36	3410	12505	0|
36	3482	43965	0|
36	3550	11705	0|
36	51258	18905	0|
36	51288	16555	0|
36	57656	6115	0|
36	57673	7125	0|
36	69570	59155	0|
36	70126	29125	0|
36	70407	62605	0|
36	90370	5255	0|
36	3610	9525	0|
36	3461	5505	0|
36	3491	11085	0|
36	57665	5985	0|
36	99202	4795	0|
36	3701	5915	0|
36	3711	5305	0|
36	70460	7285	0|
36	70461	17325	0|
36	3431	8045	0|
36	3291	6315	0|
36	3331	8385	0|
36	3641	10375	0|
36	69340	8435	0|
36	90371	5205	0|
36	99206	11375	0|
36	99210	13395	0|
36	1201	4255	0|
36	1426	116515	0|
36	1427	83715	0|
36	99279	236175	0|
36	1428	114305	0|
36	1429	196255	0|
36	4070	8615	0|
36	4210	4595	0|
36	4223	7945	0|
36	4240	10855	0|
36	10106	4075	0|
36	4011	5045	0|
36	4021	4995	0|
36	4031	5095	0|
36	4041	5145	0|
36	4190	6665	0|
36	4200	7065	0|
36	70466	48485	0|
36	70467	41145	0|
36	70468	44965	0|
36	70469	48665	0|
36	70470	27205	0|
36	70471	24785	0|
36	7040	4245	0|
36	7050	8015	0|
36	7090	7645	0|
36	69808	7335	0|
36	80014	21245	0|
36	80015	13615	0|
36	80016	5805	0|
36	80029	10975	0|
36	80030	61915	0|
36	80031	20035	0|
36	80036	12015	0|
36	80037	11115	0|
36	80039	9675	0|
36	80055	20685	0|
36	80056	29155	0|
36	80068	10895	0|
36	80073	26405	0|
36	80086	14925	0|
36	4102	52545	0|
36	4111	47695	0|
36	4171	57845	0|
36	4221	92215	0|
36	4251	4345	0|
36	4260	11705	0|
36	4271	3905	0|
36	4272	3995	0|
36	69455	15275	0|
36	70178	165445	0|
36	70480	53295	0|
36	70481	87805	0|
36	70482	67505	0|
36	80723	15985	0|
36	99264	99325	0|
36	99267	152245	0|
36	3030	4945	0|
36	57682	7885	0|
36	80714	21745	0|
36	80715	13845	0|
36	80716	13845	0|
36	3110	15035	0|
36	70412	6315	0|
36	90718	8345	0|
36	99850	15445	0|
36	3010	5705	0|
36	57664	5865	0|
36	57694	18985	0|
36	69338	5495	0|
36	79147	61725	0|
36	80705	28245	0|
36	80720	7935	0|
36	80708	28235	0|
36	3021	6195	0|
36	57651	5345	0|
36	3042	6725	0|
36	57701	12495	0|
36	1309	39205	0|
36	3390	11085	0|
36	69891	16705	0|
36	70131	47015	0|
36	80022	19585	0|
36	80704	32805	0|
36	80023	20775	0|
36	3163	14555	0|
36	3172	20965	0|
36	3222	31065	0|
36	57687	13115	0|
36	99873	18095	0|
36	3091	8755	0|
36	53500	30465	0|
36	69329	7335	0|
36	70408	8545	0|
36	80710	21025	0|
36	80711	14535	0|
36	57685	11005	0|
36	80020	5095	0|
36	90368	6215	0|
36	2123	9955	0|
36	80069	6415	0|
36	80703	17465	0|
36	57654	4995	0|
36	70100	10075	0|
36	3050	6805	0|
36	55973	10685	0|
36	80019	4995	0|
36	3061	8435	0|
36	55972	9665	0|
36	3107	7945	0|
36	3122	16155	0|
36	57653	5505	0|
36	70104	8435	0|
36	2135	11185	0|
36	2250	7545	0|
36	55994	29625	0|
36	80709	16465	0|
36	57675	6875	0|
36	1478	85575	0|
36	1479	102625	0|
36	1480	119675	0|
36	1483	123935	0|
36	1485	158035	0|
36	1487	132465	0|
36	11066	44687	0|
36	70300	127255	0|
36	70322	11034	0|
36	70323	11034	0|
36	70324	110954	0|
36	70325	54474	0|
36	70326	54474	0|
36	70327	71854	0|
36	70328	71854	0|
36	70329	28414	0|
36	70330	28414	0|
36	70331	11034	0|
36	70332	11034	0|
36	99388	18734	0|
36	1128	20365	0|
36	1132	70555	0|
36	70174	104065	0|
36	70423	52615	0|
36	70426	39975	0|
36	70427	112015	0|
36	55988	25125	0|
36	80702	23305	0|
36	11232	8595	0|
36	57695	8655	0|
36	80513	10995	0|
36	1439	41975	0|
36	11291	26505	0|
36	55772	31725	0|
36	55982	89855	0|
36	70419	99865	0|
36	70420	44815	0|
36	70421	32945	0|
36	70430	11795	0|
36	80503	14535	0|
36	2010	5475	0|
36	1099	15065	0|
36	1440	53245	0|
36	8076	33795	0|
36	69286	61215	0|
36	80651	72085	0|
36	99900	80785	0|
36	99902	46605	0|
36	99905	74575	0|
36	99908	73505	0|
36	13010	18155	0|
36	13020	7315	0|
36	13030	3675	0|
36	13040	3445	0|
36	13060	19705	0|
36	13070	6205	0|
36	13090	9445	0|
35	8020	0	0|
35	8030	0	0|
35	8040	28658	0|
35	8080	14363	0|
35	13010	27233	0|
35	13020	10973	0|
35	13030	5513	0|
35	13040	5168	0|
35	13051	0	0|
35	13060	29558	0|
35	13070	9308	0|
35	13090	14168	0|
35	13100	14783	0|
35	13130	9008	0|
35	9010	4868	0|
35	9030	10688	0|
35	9090	0	0|
35	9130	84713	0|
35	9150	57008	0|
35	9160	0	0|
35	9180	0	0|
35	9190	16808	0|
35	9200	0	0|
35	9220	0	0|
35	9230	0	0|
35	9240	102398	0|
35	9260	0	0|
35	9270	0	0|
35	9300	33833	0|
35	9330	0	0|
35	9350	0	0|
35	9360	17888	0|
35	2440	0	0|
35	2450	0	0|
35	2460	0	0|
35	10010	0	0|
35	10020	0	0|
35	10050	0	0|
35	10060	0	0|
35	10070	0	0|
35	10080	0	0|
35	10095	5168	0|
35	10106	6113	0|
35	10120	9083	0|
35	10130	0	0|
35	10140	8558	0|
35	10155	0	0|
35	10160	0	0|
35	10170	0	0|
35	10200	0	0|
35	10210	0	0|
35	10220	0	0|
35	10240	13118	0|
35	10250	24233	0|
35	10270	0	0|
35	10341	0	0|
35	10350	0	0|
35	10360	6398	0|
35	10370	0	0|
35	10390	0	0|
35	10500	0	0|
35	10510	8903	0|
35	10520	15878	0|
35	10530	0	0|
35	12031	8318	0|
35	12011	18743	0|
35	4271	5858	0|
35	4272	5993	0|
35	4221	138323	0|
35	4251	6518	0|
35	4252	0	0|
35	11341	0	0|
35	1161	0	0|
35	2291	5228	0|
35	3031	7103	0|
35	3206	57593	0|
35	8141	13418	0|
35	8076	50693	0|
35	5011	8723	0|
35	2321	4268	0|
35	2431	4568	0|
35	10191	0	0|
35	10231	0	0|
35	69336	0	0|
35	69277	0	0|
35	69275	0	0|
35	69325	0	0|
35	69268	0	0|
35	69358	0	0|
35	69359	0	0|
35	69276	0	0|
35	69286	91823	0|
35	69317	0	0|
35	69454	0	0|
35	90360	0	0|
35	1026	0	0|
35	1201	6383	0|
35	69426	0	0|
35	3401	0	0|
35	3107	11918	0|
35	3352	6293	0|
35	9171	0	0|
35	14062	23033	0|
35	90367	0	0|
35	69331	0	0|
35	69452	0	0|
35	69453	0	0|
35	69329	11003	0|
35	69347	0	0|
35	11082	0	0|
35	69357	0	0|
35	69610	0	0|
35	69611	0	0|
35	69612	0	0|
35	69613	0	0|
35	69614	0	0|
35	69615	0	0|
35	57660	8258	0|
35	57659	8708	0|
35	57655	0	0|
35	57667	8723	0|
35	57663	13643	0|
35	57669	7568	0|
35	57670	8363	0|
35	57679	15188	0|
35	57684	0	0|
35	57685	16508	0|
35	55903	0	0|
35	55911	0	0|
35	57680	9008	0|
35	69570	88733	0|
35	69293	0	0|
35	69581	0	0|
35	69271	0	0|
35	69574	0	0|
35	4131	0	0|
35	10046	0	0|
35	10036	0	0|
35	1075	0	0|
35	15162	11483	0|
35	6042	16688	0|
35	4223	11918	0|
35	1126	0	0|
35	1112	0	0|
35	4061	0	0|
35	11207	0	0|
35	3041	0	0|
35	3061	12653	0|
35	3171	0	0|
35	3222	46598	0|
35	2091	18098	0|
35	2121	0	0|
35	69301	0	0|
35	6051	19733	0|
35	5041	0	0|
35	55909	0	0|
35	55907	0	0|
35	57696	0	0|
35	55902	0	0|
35	55904	0	0|
35	55905	0	0|
35	55906	390383	0|
35	57687	19673	0|
35	57694	28478	0|
35	3440	0	0|
35	3550	17558	0|
35	3710	0	0|
35	3450	0	0|
35	3470	0	0|
35	3480	0	0|
35	3490	0	0|
35	3610	14288	0|
35	5020	7418	0|
3	1434	0	0|
3	1435	0	0|
3	1436	0	0|
3	1437	0	0|
3	1438	0	0|
3	1439	0	0|
3	1440	0	0|
3	1441	0	0|
3	1442	0	0|
3	1443	0	0|
3	1444	0	0|
3	1445	0	0|
3	1446	0	0|
3	1447	0	0|
3	1450	0	0|
3	1472	0	0|
3	1473	0	0|
3	1474	0	0|
3	1476	0	0|
3	1477	0	0|
3	1478	0	0|
3	1479	0	0|
3	1480	0	0|
3	1481	0	0|
3	1482	0	0|
3	1483	0	0|
3	1484	0	0|
3	1485	0	0|
3	1486	0	0|
3	1487	0	0|
3	1488	0	0|
3	1489	0	0|
3	1490	0	0|
3	1491	0	0|
3	1500	0	0|
3	1501	0	0|
3	1502	0	0|
3	1503	0	0|
3	1504	0	0|
3	1505	0	0|
3	1506	0	0|
3	1510	0	0|
3	1512	0	0|
3	1523	0	0|
3	1524	0	0|
3	1525	0	0|
3	1526	0	0|
3	1535	0	0|
3	1536	0	0|
3	1537	0	0|
3	1538	0	0|
3	1539	0	0|
3	1540	0	0|
3	1541	0	0|
3	1542	0	0|
3	1543	0	0|
3	1544	0	0|
3	1545	0	0|
29	4180	0	0|
29	4190	0	0|
29	4200	0	0|
29	4210	0	0|
29	4221	0	0|
29	4240	0	0|
29	4251	0	0|
29	4252	0	0|
29	4260	0	0|
29	4271	0	0|
29	4272	0	0|
29	4350	0	0|
29	5011	0	0|
29	5020	0	0|
29	5030	0	0|
29	5040	0	0|
29	5050	0	0|
29	6010	0	0|
29	6020	0	0|
29	6030	0	0|
29	6040	0	0|
29	6050	0	0|
29	6060	0	0|
29	6070	0	0|
29	6080	0	0|
29	6090	0	0|
29	6100	0	0|
29	6110	0	0|
29	6120	0	0|
29	6130	0	0|
29	6140	0	0|
29	6150	0	0|
29	6160	0	0|
29	6180	0	0|
29	6190	0	0|
29	7040	0	0|
29	7050	0	0|
29	7060	0	0|
29	7070	0	0|
29	7080	0	0|
29	7090	0	0|
29	7100	0	0|
29	7120	0	0|
29	8010	0	0|
29	8020	0	0|
29	8030	0	0|
29	8040	0	0|
29	8076	0	0|
29	8080	0	0|
29	8141	0	0|
29	9010	0	0|
29	9021	0	0|
29	9030	0	0|
29	9060	0	0|
29	9071	0	0|
29	9090	0	0|
29	9130	0	0|
29	9140	0	0|
29	9150	0	0|
29	9160	0	0|
29	9180	0	0|
29	9190	0	0|
29	9200	0	0|
29	9210	0	0|
29	9220	0	0|
29	9230	0	0|
29	9240	0	0|
29	9250	0	0|
29	9260	0	0|
29	9270	0	0|
29	9300	0	0|
30	70309	89	0|
30	70310	218	0|
30	70311	279	0|
30	70312	339	0|
30	70315	420	0|
30	70316	315	0|
30	70317	376	0|
30	70318	436	0|
30	70320	456	0|
30	70321	514	0|
29	9330	0	0|
29	9350	0	0|
29	9360	0	0|
29	9380	0	0|
29	9500	0	0|
29	10010	0	0|
29	10020	0	0|
29	10035	0	0|
30	55982	383	0|
30	55983	448	0|
30	55984	510	0|
3	69858	0	0|
3	69859	0	0|
3	69860	0	0|
3	69861	0	0|
3	69862	0	0|
3	69863	0	0|
3	69864	0	0|
3	69865	0	0|
3	69866	0	0|
3	69867	0	0|
3	69868	0	0|
3	69891	0	0|
3	69900	0	0|
3	69903	0	0|
3	69904	0	0|
3	70006	0	0|
3	70007	0	0|
3	70008	0	0|
3	70009	0	0|
3	70010	0	0|
3	70011	0	0|
3	70012	0	0|
3	70100	0	0|
3	70101	0	0|
3	70102	0	0|
3	70103	0	0|
3	70104	0	0|
3	70105	0	0|
3	70106	0	0|
3	70107	0	0|
3	70108	0	0|
3	70109	0	0|
3	70110	0	0|
3	70112	0	0|
3	70113	0	0|
3	70115	0	0|
3	70116	0	0|
3	70117	0	0|
3	70118	0	0|
3	70119	0	0|
3	70120	0	0|
3	70121	0	0|
3	70122	0	0|
3	70123	0	0|
3	70124	0	0|
3	70125	0	0|
3	70126	0	0|
3	70128	0	0|
3	70129	0	0|
3	70130	0	0|
3	70131	0	0|
3	70132	0	0|
3	70134	0	0|
3	70136	0	0|
3	70137	0	0|
3	70138	0	0|
3	70139	0	0|
3	70140	0	0|
3	70141	0	0|
3	70142	0	0|
3	70143	0	0|
3	70144	0	0|
3	70145	0	0|
3	70146	0	0|
3	70148	0	0|
3	70149	0	0|
3	70150	0	0|
3	70151	0	0|
3	70152	0	0|
3	70153	0	0|
3	70155	0	0|
3	70158	0	0|
3	70159	0	0|
3	70160	0	0|
3	70161	0	0|
3	70164	0	0|
3	70165	0	0|
3	70168	0	0|
3	70169	0	0|
3	70170	0	0|
3	70171	0	0|
3	70174	0	0|
3	70175	0	0|
3	70176	0	0|
3	70177	0	0|
3	70178	0	0|
3	70179	0	0|
3	70183	0	0|
3	70184	0	0|
3	70185	0	0|
3	70186	0	0|
3	70187	0	0|
3	70191	0	0|
3	70192	0	0|
3	70193	0	0|
3	70194	0	0|
3	70200	0	0|
3	70300	0	0|
3	70301	0	0|
3	70302	0	0|
3	70303	0	0|
3	70304	0	0|
3	70305	0	0|
3	70306	0	0|
3	70307	0	0|
3	70308	0	0|
3	70309	0	0|
3	70310	0	0|
3	70311	0	0|
3	70312	0	0|
3	70313	0	0|
3	70314	0	0|
3	70315	0	0|
3	70316	0	0|
3	70317	0	0|
3	70318	0	0|
3	70319	0	0|
3	90718	0	0|
3	96913	0	0|
3	99007	0	0|
3	70320	0	0|
3	70321	0	0|
3	70322	0	0|
3	70323	0	0|
3	70324	0	0|
3	70325	0	0|
3	70326	0	0|
3	70327	0	0|
3	70328	0	0|
3	70329	0	0|
3	70330	0	0|
3	70331	0	0|
3	70332	0	0|
3	70333	0	0|
3	70334	0	0|
3	70400	0	0|
3	70401	0	0|
3	70402	0	0|
3	70403	0	0|
3	70405	0	0|
3	70406	0	0|
3	70407	0	0|
3	70408	0	0|
3	70409	0	0|
3	70410	0	0|
3	70411	0	0|
3	70412	0	0|
3	70413	0	0|
3	70414	0	0|
3	70415	0	0|
3	70417	0	0|
3	70418	0	0|
3	70419	0	0|
3	70420	0	0|
3	70421	0	0|
3	70422	0	0|
3	70423	0	0|
3	70424	0	0|
3	70425	0	0|
3	70426	0	0|
3	70427	0	0|
3	70428	0	0|
3	70429	0	0|
3	70430	0	0|
3	70434	0	0|
3	70435	0	0|
3	70436	0	0|
3	70439	0	0|
3	70441	0	0|
3	70442	0	0|
3	70443	0	0|
3	70444	0	0|
3	70445	0	0|
3	70446	0	0|
3	70447	0	0|
3	70449	0	0|
3	70450	0	0|
3	70451	0	0|
3	70452	0	0|
3	70453	0	0|
3	70454	0	0|
3	70455	0	0|
3	70456	0	0|
3	70457	0	0|
3	70458	0	0|
3	70459	0	0|
3	70460	0	0|
3	70461	0	0|
3	70464	0	0|
3	70465	0	0|
3	70466	0	0|
3	70467	0	0|
3	70468	0	0|
3	70469	0	0|
3	70470	0	0|
3	70471	0	0|
3	70476	0	0|
3	70477	0	0|
3	70478	0	0|
3	70479	0	0|
3	70480	0	0|
3	70481	0	0|
3	70482	0	0|
3	70483	0	0|
3	70484	0	0|
3	70485	0	0|
3	70486	0	0|
3	70487	0	0|
3	70488	0	0|
3	70489	0	0|
3	70490	0	0|
3	70492	0	0|
3	70500	0	0|
3	70501	0	0|
3	70503	0	0|
3	70504	0	0|
3	70505	0	0|
3	79147	0	0|
3	80009	0	0|
3	80012	0	0|
3	80014	0	0|
3	80015	0	0|
3	80016	0	0|
3	80017	0	0|
3	80018	0	0|
3	80019	0	0|
3	80020	0	0|
3	80022	0	0|
3	80023	0	0|
3	80026	0	0|
3	80027	0	0|
3	80028	0	0|
3	80029	0	0|
3	80030	0	0|
3	80031	0	0|
3	80035	0	0|
3	80036	0	0|
3	80037	0	0|
3	80039	0	0|
3	80041	0	0|
3	80044	0	0|
3	80045	0	0|
3	80054	0	0|
3	80055	0	0|
3	80056	0	0|
3	80057	0	0|
3	80059	0	0|
3	80060	0	0|
3	80063	0	0|
3	80064	0	0|
3	80066	0	0|
3	80068	0	0|
3	80069	0	0|
3	80070	0	0|
3	80071	0	0|
3	80073	0	0|
3	80076	0	0|
3	80079	0	0|
3	80080	0	0|
3	80082	0	0|
3	80085	0	0|
3	80086	0	0|
3	80095	0	0|
3	80098	0	0|
3	80099	0	0|
3	80102	0	0|
3	80106	0	0|
3	80107	0	0|
3	80108	0	0|
3	80109	0	0|
3	80110	0	0|
3	80111	0	0|
3	80112	0	0|
3	80113	0	0|
3	80114	0	0|
3	80115	0	0|
3	80116	0	0|
3	80117	0	0|
3	80118	0	0|
3	80119	0	0|
3	80120	0	0|
3	80121	0	0|
3	80122	0	0|
3	80123	0	0|
3	80124	0	0|
3	80125	0	0|
3	80126	0	0|
3	80127	0	0|
3	80128	0	0|
3	80129	0	0|
3	80150	0	0|
3	80151	0	0|
3	80152	0	0|
3	80153	0	0|
3	80154	0	0|
3	80155	0	0|
3	80156	0	0|
3	80157	0	0|
3	80158	0	0|
3	80159	0	0|
3	80160	0	0|
3	80161	0	0|
3	80162	0	0|
3	80163	0	0|
3	80164	0	0|
3	80165	0	0|
3	80166	0	0|
3	80167	0	0|
3	80170	0	0|
3	80171	0	0|
3	80500	0	0|
3	80503	0	0|
3	80504	0	0|
3	80505	0	0|
3	80506	0	0|
3	80507	0	0|
3	80508	0	0|
3	80510	0	0|
3	80511	0	0|
3	80512	0	0|
3	80513	0	0|
3	80650	0	0|
3	80651	0	0|
36	13100	9855	0|
36	13130	6005	0|
36	80500	27765	0|
36	80505	11885	0|
36	80510	12815	0|
36	10271	13925	0|
36	1425	15245	0|
36	11332	35935	0|
36	70446	54215	0|
36	70447	25295	0|
36	70449	19705	0|
36	11210	5095	0|
36	69330	26215	0|
36	70428	37875	0|
36	70443	85585	0|
36	70444	44685	0|
36	70445	54125	0|
36	70459	8965	0|
36	6060	5115	0|
36	16091	4415	0|
36	57037	15075	0|
36	57680	6005	0|
36	69351	31315	0|
36	70503	6865	0|
36	70504	7425	0|
36	80082	42185	0|
36	99216	14765	0|
36	6010	7025	0|
36	6015	11395	0|
36	6020	11085	0|
36	6030	6865	0|
36	6042	11125	0|
36	6051	13155	0|
36	6110	21075	0|
36	7121	11095	0|
36	16081	5685	0|
36	57459	82635	0|
36	70115	42045	0|
36	70149	37885	0|
36	70155	36905	0|
36	70464	27765	0|
36	70465	52675	0|
36	99870	26315	0|
36	6140	4025	0|
36	6150	4585	0|
36	6160	5955	0|
36	6180	11715	0|
36	6190	3925	0|
36	69326	28245	0|
36	70485	4695	0|
36	6130	17795	0|
36	70139	51805	0|
36	70165	76165	0|
36	70411	46105	0|
36	6120	14745	0|
36	6070	5795	0|
36	6080	11575	0|
36	6091	3875	0|
36	6100	5395	0|
36	70113	6675	0|
36	15041	10505	0|
36	15061	9505	0|
36	15062	9505	0|
36	1338	34125	0|
36	2141	14945	0|
36	2211	23985	0|
36	2391	38025	0|
36	2403	81185	0|
36	2410	55205	0|
36	3441	50605	0|
36	3451	51765	0|
36	9150	38005	0|
36	53154	36645	0|
36	55992	87275	0|
36	70406	47025	0|
36	70410	115505	0|
36	70476	65495	0|
36	70477	83385	0|
36	80070	12515	0|
36	2270	11305	0|
36	2291	3485	0|
36	10095	3445	0|
36	15100	12175	0|
36	15110	11475	0|
36	15131	10005	0|
36	15141	12345	0|
36	15151	21595	0|
36	15152	22855	0|
36	15154	33165	0|
36	15162	7655	0|
36	15171	12605	0|
36	15181	22335	0|
36	15191	29395	0|
36	15201	8965	0|
36	15211	10105	0|
36	57667	5815	0|
36	57681	9175	0|
36	70405	5305	0|
36	2152	20735	0|
36	1445	9565	0|
36	10240	8745	0|
36	10250	16155	0|
36	10360	4265	0|
36	57659	5805	0|
36	70489	20215	0|
36	70490	26815	0|
36	70505	3925	0|
36	70436	6255	0|
36	80116	5835	0|
36	80117	3325	0|
36	80124	6225	0|
36	70434	14090	0|
36	70435	12100	0|
36	80107	16785	0|
36	80108	15245	0|
36	80113	8085	0|
36	80122	133605	0|
36	7060	4405	0|
36	1336	6905	0|
36	99903	11055	0|
36	99904	13205	0|
36	1337	8035	0|
36	99906	7875	0|
36	70145	73415	0|
36	1433	53195	0|
36	1434	62845	0|
36	1435	68325	0|
36	1436	14635	0|
36	1437	6265	0|
36	1438	16765	0|
36	1380	4475	0|
36	1381	4475	0|
36	1382	4475	0|
36	1383	7015	0|
36	1384	7015	0|
36	1385	7015	0|
36	1386	7015	0|
36	1387	7015	0|
36	1446	5695	0|
36	70488	29845	0|
36	10120	6055	0|
36	10140	5705	0|
36	10340	6155	0|
36	10343	10875	0|
36	10510	5935	0|
36	57660	5505	0|
36	57671	5655	0|
36	57683	10245	0|
36	70486	10985	0|
36	70487	9975	0|
36	99219	13055	0|
36	55971	8755	0|
36	55970	14745	0|
36	2321	2845	0|
36	2461	5385	0|
36	8010	6415	0|
36	8022	19755	0|
36	8040	19105	0|
36	8080	9575	0|
36	8141	8945	0|
36	14062	15355	0|
36	40472	10995	0|
36	40473	10995	0|
36	70413	52735	0|
36	70414	52735	0|
36	70415	52735	0|
36	99240	52735	0|
36	2431	3045	0|
36	80166	3315	0|
36	80167	3215	0|
36	10011	6005	0|
36	10021	6005	0|
36	5011	5815	0|
36	9010	3245	0|
36	9021	3055	0|
36	9030	7125	0|
36	9071	4835	0|
36	9130	56475	0|
36	9240	68265	0|
36	9300	22555	0|
36	10391	10985	0|
36	50072	2805	0|
36	69281	83055	0|
36	70417	92185	0|
36	70458	8455	0|
36	70492	5955	0|
36	80700	28915	0|
36	9190	11205	0|
36	9360	11925	0|
36	1442	19605	0|
36	1443	16155	0|
36	1444	6005	0|
36	55906	260255	0|
36	1322	188865	0|
36	1323	81255	0|
36	70450	240965	0|
36	70451	116805	0|
36	70452	78225	0|
36	70453	140965	0|
36	70454	44395	0|
36	55985	135795	0|
36	1310	13067	0|
36	1312	34492	0|
36	1313	26613	0|
36	1314	11516	0|
36	1315	36697	0|
36	1316	38451	0|
36	1317	19156	0|
36	1318	34492	0|
36	1319	17392	0|
36	1320	16520	0|
36	1321	14304	0|
36	1447	34372	0|
36	10051	13843	0|
36	10061	13843	0|
36	70116	30112	0|
36	70117	34021	0|
36	99235	29200	0|
36	99244	42350	0|
36	99803	54215	0|
36	99811	27825	0|
36	99914	32885	0|
36	10520	10585	0|
36	1300	26815	0|
36	1301	25795	0|
36	1302	41025	0|
36	1303	25795	0|
36	1304	27325	0|
36	1325	92775	0|
36	70500	48125	0|
36	70501	130345	0|
36	2080	6005	0|
36	2091	12065	0|
3	90720	0	0|
3	96950	0	0|
