1		11	1512	1522	39	100.10	106.20	0	0	|
2		11	1514	1517	39	88.40	62.20	0	0	|
3		11	1511	1520	39	95.00	105.30	0	0	|
4		11	1506	1521	39	77.20	51.40	0	0	|
5		11	1516	1508	39	103.40	136.40	1	0	|
6		11	1507	1515	39	67.80	26.30	0	0	|
7		11	1505	1529	39	116.70	73.50	0	0	|
8		11	1519	1523	39	74.40	151.60	1	0	|
9		11	1528	1504	39	78.60	74.50	1	1	|
10		11	1503	1502	39	171.80	136.70	1	0	|
11		11	1518	1526	39	80.30	46.10	0	0	|
12		11	1527	1524	39	48.70	61.50	0	0	|
13		11	1509	1513	39	100.80	74.70	0	0	|
14		11	1501	1525	39	98.10	71.60	0	1	|
15		11	1531	1530	39	86.40	104.30	0	0	|
16		11	1510	1532	39	98.00	94.90	0	1	|
33		11	1514	1522	41	73.90	89.80	1	1	|
35		11	1511	1521	41	110.80	164.30	1	1	|
37		11	1516	1515	41	99.40	38.50	1	1	|
39		11	1505	1523	41	79.20	84.80	1	1	|
41		11	1528	1502	41	108.40	159.60	1	1	|
43		11	1518	1524	41	89.30	92.60	1	1	|
45		11	1509	1532	41	67.10	97.20	1	1	|
47		11	1501	1530	41	91.80	98.30	1	1	|
49		11	1514	1511	42	74.70	148.80	1	1	|
51		11	1517	1506	42	119.90	97.70	1	1	|
53		11	1516	1505	42	103.10	107.10	1	1	|
55		11	1508	1519	42	77.30	98.40	1	1	|
57		11	1528	1518	42	107.00	36.10	1	1	|
59		11	1504	1527	42	214.70	58.90	1	1	|
61		11	1509	1501	42	112.30	83.40	1	1	|
63		11	1513	1531	42	98.70	83.40	1	1	|
65		11	1514	1520	43	149.30	148.30	1	1	|
67		11	1512	1521	43	8.00	100.90	1	1	|
69		11	1516	1529	43	97.40	39.00	1	1	|
71		11	1507	1523	43	96.80	56.70	1	1	|
73		11	1528	1526	43	119.40	69.70	1	1	|
75		11	1503	1527	43	42.80	119.70	1	1	|
77		11	1509	1525	43	80.70	99.30	1	1	|
79		11	1510	1530	43	66.60	75.40	1	1	|
81		11	1514	1506	44	84.70	61.90	1	1	|
83		11	1512	1511	44	104.50	90.30	1	1	|
85		11	1516	1519	44	117.30	85.20	1	1	|
87		11	1507	1505	44	83.00	82.60	1	1	|
89		11	1528	1527	44	95.20	90.50	1	1	|
91		11	1503	1518	44	50.10	64.30	1	1	|
93		11	1509	1531	44	132.90	94.20	1	1	|
95		11	1510	1501	44	87.00	84.10	1	1	|
97		11	1514	1521	45	116.40	112.90	1	1	|
99		11	1512	1506	45	109.40	128.40	1	1	|
101		11	1516	1523	45	137.30	102.90	1	1	|
103		11	1507	1519	45	148.90	124.30	1	1	|
105		11	1528	1524	45	127.30	130.80	1	1	|
107		11	1503	1527	45	130.10	78.00	1	1	|
109		11	1509	1530	45	117.40	108.10	1	1	|
111		11	1510	1531	45	133.50	111.40	1	1	|
113		11	1525	1522	46	173.40	110.20	1	1	|
115		11	1517	1516	46	161.10	115.80	1	1	|
117		11	1520	1508	46	140.50	174.80	1	1	|
120		11	1527	1532	46	83.70	135.70	1	1	|
122		11	1502	1510	46	67.70	104.30	1	1	|
124		11	1504	1513	46	104.30	79.50	1	1	|
126		11	1526	1501	46	104.20	70.80	1	1	|
128		11	1503	1531	46	104.30	110.20	1	1	|
17		11	1514	1512	40	78.10	94.70	1	1	|
18		11	1517	1522	40	92.20	79.90	1	1	|
19		11	1511	1506	40	94.70	79.90	1	1	|
20		11	1520	1521	40	139.60	128.20	1	1	|
21		11	1516	1507	40	114.10	99.60	1	1	|
22		11	1508	1515	40	76.30	74.10	1	1	|
23		11	1505	1519	40	71.10	86.10	1	1	|
24		11	1529	1523	40	109.90	70.60	1	1	|
25		11	1528	1503	40	107.70	74.50	1	1	|
26		11	1504	1502	40	130.90	249.50	1	1	|
27		11	1518	1527	40	77.30	124.10	1	1	|
28		11	1526	1524	40	116.00	96.60	1	1	|
29		11	1509	1510	40	61.20	56.50	1	1	|
30		11	1513	1532	40	56.10	81.50	1	1	|
31		11	1501	1531	40	82.80	68.70	1	1	|
32		11	1525	1530	40	107.90	120.20	1	1	|
34		11	1517	1512	41	72.50	24.20	1	1	|
36		11	1520	1506	41	113.50	89.30	1	1	|
38		11	1508	1507	41	85.30	86.20	1	1	|
40		11	1529	1519	41	65.60	97.30	1	1	|
42		11	1504	1503	41	100.00	89.50	1	1	|
44		11	1526	1527	41	125.00	133.40	1	1	|
46		11	1513	1510	41	99.50	109.40	1	1	|
48		11	1525	1531	41	104.30	81.10	1	1	|
50		11	1522	1521	42	140.00	185.00	1	1	|
52		11	1512	1520	42	7.60	99.60	1	1	|
54		11	1515	1523	42	111.60	69.20	1	1	|
56		11	1507	1529	42	102.60	70.50	1	1	|
58		11	1502	1524	42	50.60	97.20	1	1	|
60		11	1503	1526	42	26.00	92.30	1	1	|
62		11	1532	1530	42	146.80	157.30	1	1	|
64		11	1510	1525	42	81.20	108.30	1	1	|
66		11	1517	1511	43	58.60	89.90	1	1	|
68		11	1522	1506	43	108.80	66.60	1	1	|
70		11	1508	1505	43	90.60	78.00	1	1	|
72		11	1515	1519	43	106.50	98.80	1	1	|
74		11	1504	1518	43	56.30	57.00	1	1	|
76		11	1502	1524	43	72.50	125.10	1	1	|
78		11	1513	1501	43	120.90	84.80	1	1	|
80		11	1532	1531	43	99.50	83.30	1	1	|
82		11	1517	1521	44	101.50	75.30	1	1	|
84		11	1522	1520	44	172.60	117.50	1	1	|
86		11	1508	1523	44	94.00	77.80	1	1	|
88		11	1515	1529	44	177.60	69.30	1	1	|
90		11	1504	1524	44	66.50	103.60	1	1	|
92		11	1502	1526	44	162.70	77.90	1	1	|
94		11	1513	1530	44	145.30	102.10	1	1	|
96		11	1532	1525	44	102.80	140.30	1	1	|
98		11	1517	1520	45	202.00	52.60	1	1	|
100		11	1522	1511	45	119.60	101.10	1	1	|
102		11	1508	1529	45	92.40	101.80	1	1	|
104		11	1515	1505	45	37.00	90.60	1	1	|
106		11	1504	1526	45	119.60	101.20	1	1	|
108		11	1502	1518	45	82.70	125.50	1	1	|
110		11	1513	1525	45	111.00	159.70	1	1	|
112		11	1532	1501	45	105.60	104.70	1	1	|
114		11	1524	1507	46	182.60	87.40	1	1	|
116		11	1528	1530	46	162.20	84.70	1	1	|
118		11	1518	1509	46	128.50	110.50	1	1	|
121		11	1511	1515	46	109.70	105.80	1	1	|
123		11	1521	1505	46	153.80	60.60	1	1	|
125		11	1512	1523	46	124.10	235.30	1	1	|
127		11	1506	1529	46	103.20	134.80	1	1	|
119		11	1514	1519	46	91.30	110.40	1	1	|
129		11	1524	1525	47	214.80	125.60	1	1	|
145	1	12	1556	1565		99.00	87.30	1	1	Levantamiento de Tarro|
147	1	12	1547	1568		80.90	141.50	1	1	Cocolito (canicas)|
149	1	12	1571	1545		103.90	149.20	1	1	Yoyo sincronizado|
150	1	12	1559	1570		97.80	100.80	1	1	Yoyo sincronizado|
151	1	12	1552	1542		98.40	131.50	1	1	Balero rítmico|
152	1	12	1569	1553		102.80	109.80	1	1	Balero rítmico|
153	1	12	1546	1554		119.40	118.40	1	1	Lanzamiento de Jaibolina|
154	1	12	1549	1564		103.10	67.90	1	1	Lanzamiento de Jaibolina|
155	1	12	1566	1544		58.60	61.80	1	1	Salto de Avioncito|
156	1	12	1543	1551		87.70	112.60	1	1	Salto de Avioncito|
157	1	12	1557	1550		99.10	112.90	1	1	Relevos 90-60-90|
158	1	12	1563	1548		114.40	111.40	1	1	Relevos 90-60-90|
159	1	12	1540	1555		97.50	99.40	1	1	Salto de Riata|
160	1	12	1562	1558		104.80	87.10	1	1	Salto de Riata|
130		11	1507	1522	47	162.20	189.40	1	1	|
131		11	1517	1528	47	59.10	47.20	1	1	|
132		11	1516	1530	47	164.50	138.20	1	1	|
133		11	1520	1518	47	70.40	87.50	1	1	|
134		11	1508	1509	47	101.90	92.50	1	1	|
135		11	1514	1527	47	120.10	65.30	1	1	|
136		11	1519	1532	47	105.20	208.80	1	1	|
137		11	1511	1502	47	129.70	188.30	1	1	|
138		11	1515	1510	47	59.10	33.50	1	1	|
139		11	1521	1504	47	189.70	319.50	1	1	|
140		11	1505	1513	47	72.70	64.00	1	1	|
141		11	1512	1526	47	115.70	51.70	1	1	|
142		11	1523	1501	47	225.80	119.20	1	1	|
143		11	1506	1503	47	87.30	276.60	1	1	|
144		11	1529	1531	47	111.30	78.70	1	1	|
146	1	12	1567	1561		101.60	228.40	1	1	Levantamiento de Tarro|
148	1	12	1560	1541		84.10	134.60	1	1	Cocolito (canicas)|
161	2	12	1556	1567		130.10	119.50	1	1	|
162	2	12	1565	1561		111.70	169.90	1	1	|
163	2	12	1547	1560		110.20	104.90	1	1	|
164	2	12	1568	1541		103.20	131.10	1	1	|
165	2	12	1571	1559		104.70	151.60	1	1	|
166	2	12	1545	1570		103.60	190.50	1	1	|
167	2	12	1552	1569		123.40	112.10	1	1	|
168	2	12	1542	1553		111.70	106.30	1	1	|
169	2	12	1546	1549		83.60	106.50	1	1	|
170	2	12	1554	1564		94.10	73.70	1	1	|
171	2	12	1566	1543		84.10	96.80	1	1	|
172	2	12	1544	1551		67.70	120.40	1	1	|
173	2	12	1557	1563		144.20	65.40	1	1	|
174	2	12	1550	1548		71.90	107.80	1	1	|
175	2	12	1540	1562		119.80	120.60	1	1	|
176	2	12	1555	1558		123.50	77.80	1	1	|
195	9	12	1561	1542		162.50	41.10	1	1	|
197	9	12	1545	1548		189.10	96.80	1	1	|
199	9	12	1556	1540		94.70	84.20	1	1	|
201	9	12	1565	1558		70.50	78.60	1	1	|
203	9	12	1560	1557		65.20	86.60	1	1	|
205	9	12	1571	1566		93.80	118.60	1	1	|
207	9	12	1543	1570		62.90	71.30	1	1	|
209	9	12	1546	1569		104.60	85.40	1	1	|
211	10	12	1561	1541		177.30	232.20	1	1	|
213	10	12	1542	1554		77.70	121.70	1	1	|
215	10	12	1556	1550		80.40	116.10	1	1	|
217	10	12	1567	1558		8.70	145.20	1	1	|
219	10	12	1560	1544		105.50	72.40	1	1	|
221	10	12	1568	1566		118.70	81.90	1	1	|
223	10	12	1543	1549		59.30	94.30	1	1	|
225	10	12	1552	1569		64.50	110.90	1	1	|
227	11	12	1541	1562		47.10	105.30	1	1	|
229	11	12	1542	1564		89.70	22.40	1	1	|
231	11	12	1556	1570		114.10	54.60	1	1	|
233	11	12	1567	1563		121.20	122.60	1	1	|
235	11	12	1560	1559		82.70	107.70	1	1	|
237	11	12	1568	1555		141.60	101.60	1	1	|
239	11	12	1543	1547		88.90	56.10	1	1	|
241	11	12	1552	1548		77.20	103.80	1	1	|
243	12	20	2022	2004		57.10	94.90	1	1	|
245	12	20	2002	2000		76.00	84.50	1	1	|
247	12	20	2013	2016		76.70	134.20	1	1	|
249	12	20	2010	2007		87.70	84.50	1	1	|
251	12	20	2014	2027		95.70	73.40	1	1	|
253	12	20	2019	2020		97.80	96.40	1	1	|
255	12	20	2003	2026		99.40	63.50	1	1	|
257	12	20	2025	2029		102.20	82.20	1	1	|
259	13	20	2022	2005		72.42	84.80	1	1	|
261	13	20	2002	2028		83.24	92.83	1	1	|
263	13	20	2013	2011		61.64	74.26	1	1	|
265	13	20	2010	2006		84.19	76.62	1	1	|
267	13	20	2014	2021		94.51	85.01	1	1	|
269	13	20	2019	2015		101.52	81.64	1	1	|
271	13	20	2003	2024		94.60	92.01	1	1	|
273	13	20	2025	2030		107.34	127.90	1	1	|
274	13	20	2029	2031		91.76	86.91	1	1	|
275	14	20	2022	2008		76.34	291.98	1	1	|
277	14	20	2002	2001		84.61	85.23	1	1	|
279	14	20	2013	2009		57.32	97.00	1	1	|
281	14	20	2010	2012		88.38	93.07	1	1	|
283	14	20	2014	2018		95.68	86.04	1	1	|
285	14	20	2019	2017		100.30	91.32	1	1	|
287	14	20	2003	2023		94.35	79.35	1	1	|
289	14	20	2025	2031		105.80	105.80	1	1	|
291	15	20	2008	2028		58.93	85.67	1	1	|
293	15	20	2016	2007		150.21	101.20	1	1	|
295	15	20	2014	2020		90.16	96.82	1	1	|
297	15	20	2003	2025		94.59	112.55	1	1	|
299	15	20	2004	2002		79.22	79.45	1	1	|
301	15	20	2011	2012		73.11	98.41	1	1	|
303	15	20	2018	2017		84.10	99.82	1	1	|
305	15	20	2023	2031		101.22	95.84	1	1	|
307	16	20	2028	2001		97.65	99.29	1	1	|
309	16	20	2020	2021		82.74	72.26	1	1	|
311	16	20	2008	2005		64.66	76.73	1	1	|
313	16	20	2014	2019		77.98	80.50	1	1	|
315	16	20	2002	2022		80.62	79.34	1	1	|
317	16	20	2017	2015		92.11	92.55	1	1	|
339	17	20	2001	2016		89.96	138.96	1	1	|
341	17	20	2028	2009		77.95	99.73	1	1	|
343	17	20	2005	2007		79.56	101.90	1	1	|
345	17	20	2008	2010		60.51	98.19	1	1	|
347	17	20	2002	2012		69.85	89.18	1	1	|
349	17	20	2022	2006		77.22	87.05	1	1	|
351	17	20	2004	2011		81.83	67.51	1	1	|
353	17	20	2000	2013		69.91	54.40	1	1	|
355	18	20	2016	2025		113.14	108.17	1	1	|
357	18	20	2009	2021		102.09	107.53	1	1	|
359	18	20	2007	2030		97.57	104.44	1	1	|
361	18	20	2010	2003		102.37	97.75	1	1	|
363	18	20	2012	2015		92.49	98.86	1	1	|
365	18	20	2006	2017		95.49	85.53	1	1	|
367	18	20	2004	2031		98.74	110.40	1	1	|
369	18	20	2000	2026		91.54	93.93	1	1	|
371	19	26	3	4		95.94	71.57	1	1	|
373	19	26	5	8		91.17	67.18	1	1	|
375	19	26	9	10		96.73	44.76	1	1	|
377	19	26	34	35		99.11	37.24	1	1	|
379	19	26	64	37		32.17	102.08	1	1	|
381	19	26	63	62		60.54	119.44	1	1	|
383	19	26	65	13		36.29	8.00	1	1	|
384	19	26	54	55		98.61	104.24	1	1	|
385	19	26	56	57		70.33	140.28	1	1	|
386	19	26	58	60		55.00	75.93	1	1	|
387	19	26	21	20		71.05	80.86	1	1	|
388	19	26	14	15		245.39	123.30	1	1	|
389	19	26	17	16		57.69	37.50	1	1	|
390	19	26	18	19		56.00	69.00	1	1	|
391	19	26	40	41		63.94	95.37	1	1	|
392	19	26	42	43		58.67	88.57	1	1	|
393	19	26	44	45		70.42	140.28	1	1	|
394	19	26	22	23		30.82	32.65	1	1	|
395	19	26	24	25		15.59	28.24	1	1	|
396	19	26	26	27		91.29	56.76	1	1	|
397	19	26	46	48		100.00	61.79	1	1	|
398	19	26	47	68		71.67	65.85	1	1	|
399	19	26	28	66		32.17	110.91	1	1	|
400	19	26	29	30		206.93	16.35	1	1	|
401	19	26	31	32		46.43	28.79	1	1	|
402	19	26	49	50		85.05	95.53	1	1	|
403	19	26	51	52		62.58	30.91	1	1	|
404	19	26	53	33		56.40	31.78	1	1	|
405	20	26	4	1		91.38	100.46	1	1	|
406	20	26	3	2		79.81	69.44	1	1	|
179	6	12	1556	1561		72.90	138.30	1	1	|
180	6	12	1565	1567		114.80	110.40	1	1	|
181	6	12	1547	1541		80.00	118.90	1	1	|
182	6	12	1568	1560		113.20	84.70	1	1	|
183	6	12	1571	1570		142.40	139.50	1	1	|
184	6	12	1545	1559		183.60	122.60	1	1	|
185	6	12	1552	1553		92.10	93.30	1	1	|
186	6	12	1542	1569		107.40	85.80	1	1	|
187	6	12	1546	1564		81.50	47.60	1	1	|
188	6	12	1554	1549		136.90	84.10	1	1	|
189	6	12	1566	1551		85.10	114.70	1	1	|
190	6	12	1544	1543		110.50	53.40	1	1	|
191	6	12	1557	1548		80.30	113.90	1	1	|
192	6	12	1550	1563		91.00	125.80	1	1	|
193	6	12	1540	1558		78.00	117.60	1	1	|
194	6	12	1555	1562		106.40	106.30	1	1	|
196	9	12	1541	1554		186.00	73.50	1	1	|
198	9	12	1551	1562		82.60	87.90	1	1	|
200	9	12	1567	1555		35.50	88.50	1	1	|
202	9	12	1547	1550		43.40	76.70	1	1	|
204	9	12	1568	1563		134.80	96.80	1	1	|
206	9	12	1559	1544		119.30	83.50	1	1	|
208	9	12	1552	1564		153.00	23.10	1	1	|
210	9	12	1553	1549		103.70	80.60	1	1	|
212	10	12	1545	1562		101.40	149.00	1	1	|
214	10	12	1551	1548		114.00	93.00	1	1	|
216	10	12	1540	1547		43.50	29.30	1	1	|
218	10	12	1565	1555		182.00	122.00	1	1	|
220	10	12	1557	1559		85.90	129.50	1	1	|
222	10	12	1571	1563		89.10	97.40	1	1	|
224	10	12	1553	1570		161.70	143.90	1	1	|
226	10	12	1546	1564		97.10	105.10	1	1	|
228	11	12	1545	1561		181.70	288.50	1	1	|
230	11	12	1551	1569		102.40	108.30	1	1	|
232	11	12	1540	1549		104.00	89.20	1	1	|
234	11	12	1565	1566		73.20	87.20	1	1	|
236	11	12	1557	1544		104.00	73.10	1	1	|
238	11	12	1571	1558		94.10	95.00	1	1	|
240	11	12	1553	1550		179.80	82.40	1	1	|
242	11	12	1546	1554		67.40	109.70	1	1	|
244	12	20	2005	2008		86.00	156.00	1	1	|
246	12	20	2028	2001		57.50	85.30	1	1	|
248	12	20	2011	2009		81.80	86.40	1	1	|
250	12	20	2006	2012		76.20	54.60	1	1	|
252	12	20	2021	2018		80.60	80.60	1	1	|
254	12	20	2015	2017		79.50	78.30	1	1	|
256	12	20	2024	2023		80.30	76.40	1	1	|
258	12	20	2030	2031		96.20	79.90	1	1	|
260	13	20	2004	2008		92.44	115.29	1	1	|
262	13	20	2000	2001		75.70	80.82	1	1	|
264	13	20	2016	2009		123.55	86.52	1	1	|
266	13	20	2007	2012		82.21	66.60	1	1	|
268	13	20	2027	2018		39.70	81.29	1	1	|
270	13	20	2020	2017		94.04	89.43	1	1	|
272	13	20	2026	2023		78.30	83.35	1	1	|
276	14	20	2004	2005		78.52	87.17	1	1	|
278	14	20	2000	2028		79.73	107.92	1	1	|
280	14	20	2016	2011		141.15	76.24	1	1	|
282	14	20	2007	2006		90.54	85.70	1	1	|
284	14	20	2027	2021		63.58	90.80	1	1	|
286	14	20	2020	2015		103.58	97.13	1	1	|
288	14	20	2026	2024		87.55	98.51	1	1	|
290	14	20	2029	2030		91.50	101.20	1	1	|
292	15	20	2001	2005		90.54	79.80	1	1	|
294	15	20	2010	2009		96.18	101.26	1	1	|
296	15	20	2019	2021		88.22	90.67	1	1	|
298	15	20	2030	2024		50.39	99.79	1	1	|
300	15	20	2000	2022		77.73	85.24	1	1	|
302	15	20	2006	2013		93.44	58.98	1	1	|
304	15	20	2015	2027		94.46	76.05	1	1	|
306	15	20	2029	2026		89.50	80.32	1	1	|
308	16	20	2016	2009		131.55	91.20	1	1	|
310	16	20	2025	2024		102.50	85.37	1	1	|
312	16	20	2007	2010		99.70	83.32	1	1	|
314	16	20	2003	2030		77.27	87.37	1	1	|
316	16	20	2012	2006		83.64	82.83	1	1	|
318	16	20	2023	2029		70.29	106.27	1	1	|
319	16	20	2004	2000		79.01	68.64	1	1	|
320	16	20	2011	2013		64.23	50.46	1	1	|
321	16	20	2018	2027		69.52	59.69	1	1	|
322	16	20	2031	2026		89.94	67.60	1	1	|
340	17	20	2020	2025		87.42	102.43	1	1	|
342	17	20	2021	2024		94.31	87.04	1	1	|
344	17	20	2019	2030		86.08	89.01	1	1	|
346	17	20	2014	2003		80.62	81.69	1	1	|
348	17	20	2015	2029		109.10	96.73	1	1	|
350	17	20	2017	2023		96.03	68.69	1	1	|
352	17	20	2018	2031		72.62	107.50	1	1	|
354	17	20	2027	2026		56.02	64.90	1	1	|
356	18	20	2001	2020		83.92	97.88	1	1	|
358	18	20	2028	2024		107.98	106.37	1	1	|
360	18	20	2005	2019		100.93	103.64	1	1	|
362	18	20	2008	2014		90.23	94.06	1	1	|
364	18	20	2002	2029		90.80	76.04	1	1	|
366	18	20	2022	2023		99.38	83.36	1	1	|
368	18	20	2011	2018		74.58	96.79	1	1	|
370	18	20	2013	2027		55.45	91.28	1	1	|
372	19	26	1	2		93.74	55.73	1	1	|
374	19	26	7	6		80.47	86.56	1	1	|
376	19	26	12	11		64.34	111.30	1	1	|
378	19	26	59	39		63.89	84.76	1	1	|
380	19	26	38	36		45.68	64.55	1	1	|
382	19	26	61	67		108.00	26.67	1	1	|
407	20	26	5	10		134.33	58.27	1	1	|
473	22	26	34	56		52.03	101.60	1	1	|
475	22	26	1	2		61.31	44.36	1	1	|
477	22	26	11	6		42.70	130.48	1	1	|
479	22	26	10	12		39.42	49.73	1	1	|
481	22	26	39	37		35.71	43.14	1	1	|
483	22	26	63	57		113.20	77.28	1	1	|
485	22	26	65	60		63.00	37.73	1	1	|
487	22	26	55	62		75.61	59.10	1	1	|
489	22	26	21	41		47.19	61.94	1	1	|
491	22	26	16	19		32.25	28.33	1	1	|
493	22	26	17	45		29.33	142.59	1	1	|
495	22	26	42	20		78.15	46.70	1	1	|
548	24	26	4	1		60.63	134.15	1	1	|
512	23	26	3	1		66.84	118.81	1	1	|
514	23	26	8	6		85.75	255.33	1	1	|
516	23	26	12	9		52.08	68.90	1	1	|
518	23	26	35	56		33.33	101.51	1	1	|
520	23	26	37	62		59.13	39.00	1	1	|
522	23	26	63	36		39.74	46.00	1	1	|
523	23	26	64	57		.00	132.31	1	1	|
524	23	26	13	59		.00	73.14	1	1	|
525	23	26	60	55		144.00	93.14	1	1	|
526	23	26	54	58		90.30	45.50	1	1	|
527	23	26	21	14		88.06	.00	1	1	|
528	23	26	15	69		60.87	167.65	1	1	|
529	23	26	16	20		107.67	44.62	1	1	|
530	23	26	40	17		139.68	73.60	1	1	|
531	23	26	70	18		25.00	62.24	1	1	|
532	23	26	45	75		1484.81	101.93	1	1	|
533	23	26	72	41		45.83	35.56	1	1	|
534	23	26	43	44		101.56	27.94	1	1	|
535	23	26	42	19		49.41	71.20	1	1	|
536	23	26	22	24		40.51	23.79	1	1	|
537	23	26	28	27		18.62	54.17	1	1	|
538	23	26	23	68		67.57	44.32	1	1	|
539	23	26	46	26		71.82	28.75	1	1	|
540	23	26	47	25		75.00	93.00	1	1	|
541	23	26	48	66		47.50	73.93	1	1	|
542	23	26	52	73		61.25	45.83	1	1	|
543	23	26	53	32		104.00	35.71	1	1	|
544	23	26	75	49		101.93	81.21	1	1	|
545	23	26	51	30		59.09	52.64	1	1	|
408	20	26	9	8		99.90	79.38	1	1	|
409	20	26	7	11		86.44	80.00	1	1	|
410	20	26	12	6		58.27	101.91	1	1	|
411	20	26	34	63		54.48	327.14	1	1	|
412	20	26	35	39		21.03	136.50	1	1	|
413	20	26	64	38		67.00	61.52	1	1	|
414	20	26	37	36		71.25	40.00	1	1	|
415	20	26	58	62		43.18	125.63	1	1	|
416	20	26	67	13		48.57	23.00	1	1	|
417	20	26	65	61		34.84	46.67	1	1	|
418	20	26	54	57		161.27	356.27	1	1	|
419	20	26	56	55		97.78	67.14	1	1	|
420	20	26	59	60		80.00	58.28	1	1	|
421	20	26	21	15		70.73	118.78	1	1	|
422	20	26	14	20		251.21	78.86	1	1	|
423	20	26	16	45		82.80	195.87	1	1	|
424	20	26	18	17		102.00	100.59	1	1	|
425	20	26	40	43		92.44	127.54	1	1	|
426	20	26	42	41		125.71	78.22	1	1	|
427	20	26	44	19		89.60	95.60	1	1	|
428	20	26	22	26		71.53	16.43	1	1	|
429	20	26	24	27		57.22	76.00	1	1	|
430	20	26	23	28		26.00	9.47	1	1	|
431	20	26	46	68		113.58	101.62	1	1	|
432	20	26	47	48		59.38	95.36	1	1	|
433	20	26	25	66		129.23	108.21	1	1	|
434	20	26	30	49		69.27	94.29	1	1	|
435	20	26	31	33		43.57	52.75	1	1	|
436	20	26	29	32		96.62	28.00	1	1	|
437	20	26	53	52		78.81	80.83	1	1	|
438	20	26	51	50		49.95	114.75	1	1	|
439	21	26	4	2		59.21	70.87	1	1	|
440	21	26	1	3		96.07	77.25	1	1	|
441	21	26	8	11		74.50	78.38	1	1	|
442	21	26	9	6		95.86	96.68	1	1	|
443	21	26	7	10		85.02	61.60	1	1	|
444	21	26	12	5		61.60	87.61	1	1	|
445	21	26	34	39		23.62	64.52	1	1	|
446	21	26	35	61		40.87	41.48	1	1	|
447	21	26	64	36		54.87	33.33	1	1	|
448	21	26	37	38		43.56	86.34	1	1	|
449	21	26	63	13		29.06	40.00	1	1	|
450	21	26	67	56		85.14	74.67	1	1	|
451	21	26	65	62		40.00	127.20	1	1	|
452	21	26	54	60		109.17	88.09	1	1	|
453	21	26	58	55		77.50	155.68	1	1	|
454	21	26	59	57		51.61	99.22	1	1	|
455	21	26	21	19		72.00	41.48	1	1	|
456	21	26	14	44		230.31	70.96	1	1	|
457	21	26	16	15		105.93	93.45	1	1	|
458	21	26	18	41		107.59	97.28	1	1	|
459	21	26	40	45		120.00	103.84	1	1	|
460	21	26	42	17		96.51	192.94	1	1	|
461	21	26	20	43		70.63	104.27	1	1	|
462	21	26	22	48		93.06	99.67	1	1	|
463	21	26	25	46		64.89	118.28	1	1	|
464	21	26	26	28		32.86	49.68	1	1	|
465	21	26	27	68		31.67	68.75	1	1	|
466	21	26	47	23		68.46	9.50	1	1	|
467	21	26	24	66		71.30	106.23	1	1	|
468	21	26	49	30		87.96	37.92	1	1	|
469	21	26	51	33		48.75	83.61	1	1	|
470	21	26	31	53		39.29	99.39	1	1	|
471	21	26	32	52		93.75	75.28	1	1	|
472	21	26	29	50		88.09	111.69	1	1	|
474	22	26	4	3		56.67	48.06	1	1	|
476	22	26	8	7		58.18	54.02	1	1	|
478	22	26	9	5		44.22	70.30	1	1	|
480	22	26	59	64		54.05	.00	1	1	|
482	22	26	38	61		51.50	72.50	1	1	|
484	22	26	67	35		36.00	25.61	1	1	|
486	22	26	54	36		75.69	47.14	1	1	|
488	22	26	58	13		54.88	4.00	1	1	|
490	22	26	70	15		62.50	54.33	1	1	|
492	22	26	43	18		89.44	98.33	1	1	|
494	22	26	40	14		387.24	15.14	1	1	|
496	22	26	72	75		.00		1	0	|
497	22	26	44	69		57.27	77.49	1	1	|
498	22	26	22	46		33.16	46.57	1	1	|
499	22	26	24	23		34.38	18.75	1	1	|
500	22	26	28	48		20.00	56.88	1	1	|
501	22	26	26	66		32.57	39.17	1	1	|
502	22	26	25	68		66.78	44.55	1	1	|
503	22	26	47	27		82.50	50.00	1	1	|
504	22	26	29	31		50.97	14.80	1	1	|
505	22	26	30	32		22.15	24.00	1	1	|
506	22	26	49	51		76.82	35.83	1	1	|
507	22	26	50	33		81.75	86.67	1	1	|
508	22	26	73	75		135.00	91.66	1	1	|
509	22	26	53	52		43.75	35.25	1	1	|
511	23	26	4	2		68.77	52.62	1	1	|
513	23	26	7	11		61.98	56.78	1	1	|
515	23	26	5	10		98.98	44.79	1	1	|
517	23	26	34	67		38.99	88.60	1	1	|
519	23	26	38	65		23.18	118.75	1	1	|
521	23	26	39	61		58.06	52.00	1	1	|
546	23	26	29	33		56.45	13.30	1	1	|
619	26	26	4	2		41.88	81.83	1	1	|
621	26	26	8	5		76.85	72.85	1	1	|
623	26	26	11	9		60.56	70.74	1	1	|
625	26	26	59	57		45.45	105.65	1	1	|
627	26	26	63	58		3.98	53.91	1	1	|
629	26	26	67	62		27.03	48.42	1	1	|
684	28	33	2506	2507		21.08	106.59	0	0	|
686	28	33	2510	2511		51.96	16.24	0	0	|
688	28	33	2502	2503		155.14	88.38	0	0	|
690	28	33	2512	2513		80.56	92.77	0	0	|
692	28	33	2516	2517		90.71	17.09	0	0	|
694	28	33	2520	2521				0	0	|
696	28	33	2525	2526				0	0	|
698	28	33	2529	2530				0	0	|
700	28	33	2533	2535		28.23	58.05	0	0	|
702	28	33	2537	2538		4.93	113.54	0	0	|
704	29	33	2506	2508		1.62	5.63	0	0	|
706	29	33	2510	2509		11.01	20.98	0	0	|
708	29	33	2502	2505		27.16	13.44	0	0	|
710	29	33	2512	2515		13.79	1.85	0	0	|
712	29	33	2516	2513		14.56	9.60	0	0	|
714	29	33	2520	2523		5.91	2.86	0	0	|
716	29	33	2525	2529		56.43	36.57	0	0	|
547	23	26	31	50		122.48	103.18	1	1	|
549	24	26	2	3		53.85	68.34	1	1	|
550	24	26	7	6		63.71	362.19	1	1	|
551	24	26	8	11		80.74	61.20	1	1	|
552	24	26	9	10		55.27	45.50	1	1	|
553	24	26	12	5		43.49	97.08	1	1	|
554	24	26	65	35		69.17	30.24	1	1	|
555	24	26	55	61		63.04	29.41	1	1	|
556	24	26	56	58		100.00	88.84	1	1	|
557	24	26	39	36		92.50	8.37	1	1	|
558	24	26	63	67		31.32	64.89	1	1	|
559	24	26	34	75		30.47	68.79	1	1	|
560	24	26	57	62		94.81	83.20	1	1	|
561	24	26	13	54		.00	140.58	1	1	|
562	24	26	38	60		43.26	76.67	1	1	|
563	24	26	59	37		92.00	37.78	1	1	|
564	24	26	21	44		60.33	50.61	1	1	|
565	24	26	72	43		47.78	89.44	1	1	|
566	24	26	42	15		75.45	23.20	1	1	|
567	24	26	40	69		261.27	89.81	1	1	|
568	24	26	19	41		26.54	51.36	1	1	|
569	24	26	20	17		60.73	3.00	1	1	|
570	24	26	14	16		.00	70.71	1	1	|
571	24	26	18	45		58.18	2041.11	1	1	|
572	24	26	22	47		66.02	96.36	1	1	|
573	24	26	27	66		105.00	92.20	1	1	|
574	24	26	68	28		8.72	30.91	1	1	|
575	24	26	26	48		80.00	36.25	1	1	|
576	24	26	25	23		32.07	11.74	1	1	|
577	24	26	24	46		41.74	70.48	1	1	|
578	24	26	30	52		36.91	44.50	1	1	|
579	24	26	49	29		128.92	80.26	1	1	|
580	24	26	32	33		.00	20.00	1	1	|
581	24	26	75	50		68.79	95.91	1	1	|
582	24	26	31	53		21.33	61.00	1	1	|
583	24	26	51	73		35.79	47.78	1	1	|
584	25	26	4	3		23.54	59.30	1	1	|
585	25	26	2	1		75.24	58.68	1	1	|
586	25	26	8	10		60.43	73.49	1	1	|
587	25	26	7	9		60.08	54.44	1	1	|
588	25	26	12	11		36.26	55.75	1	1	|
589	25	26	6	5		257.34	85.95	1	1	|
590	25	26	59	35		31.89	34.00	1	1	|
591	25	26	13	61		.00	20.54	1	1	|
592	25	26	38	37		34.87	55.68	1	1	|
593	25	26	63	60		42.54	106.38	1	1	|
594	25	26	54	62		110.00	51.63	1	1	|
595	25	26	36	58		16.23	78.22	1	1	|
596	25	26	65	67		26.02	26.32	1	1	|
597	25	26	34	57		53.48	129.60	1	1	|
598	25	26	39	56		30.95	64.84	1	1	|
599	25	26	55	64		66.40	.00	1	1	|
600	25	26	21	43		55.46	.00	1	1	|
601	25	26	44	45		101.27	818.43	1	1	|
602	25	26	42	40		101.59	89.44	1	1	|
603	25	26	19	18		40.31	33.77	1	1	|
604	25	26	14	20		.00	58.20	1	1	|
605	25	26	16	70		24.03	.00	1	1	|
606	25	26	15	17		45.96	85.34	1	1	|
607	25	26	69	41		94.57	71.78	1	1	|
608	25	26	22	23		97.84	55.45	1	1	|
609	25	26	27	24		90.00	33.70	1	1	|
610	25	26	46	28		61.43	25.97	1	1	|
611	25	26	26	25		117.33	53.06	1	1	|
612	25	26	47	66		84.58	77.38	1	1	|
613	25	26	68	48		37.50	44.64	1	1	|
614	25	26	30	53		35.17	76.00	1	1	|
615	25	26	49	33		108.15	29.95	1	1	|
616	25	26	32	73		.00	128.75	1	1	|
617	25	26	51	50		36.59	63.75	1	1	|
618	25	26	52	29		45.50	70.15	1	1	|
620	26	26	3	1		66.64	107.91	1	1	|
622	26	26	7	12		69.56	24.98	1	1	|
624	26	26	6	10		221.03	91.68	1	1	|
626	26	26	13	38		.00	17.60	1	1	|
628	26	26	36	65		40.40	4.65	1	1	|
630	26	26	34	39		14.78	32.95	1	1	|
631	26	26	55	35		47.11	28.98	1	1	|
632	26	26	73	60		50.00	90.83	1	1	|
633	26	26	61	37		27.82	32.73	1	1	|
634	26	26	54	56		75.87	83.49	1	1	|
635	26	26	45	43		589.38	.00	1	1	|
636	26	26	42	21		142.47	74.74	1	1	|
637	26	26	75	20		50.00	67.89	1	1	|
638	26	26	16	17		89.17	20.00	1	1	|
639	26	26	15	19		65.00	97.29	1	1	|
640	26	26	41	40		132.78	121.90	1	1	|
641	26	26	44	14		70.00	.00	1	1	|
642	26	26	22	25		170.92	67.72	1	1	|
643	26	26	27	26		39.17	88.00	1	1	|
644	26	26	46	48		70.36	55.47	1	1	|
645	26	26	28	24		49.35	10.64	1	1	|
646	26	26	47	68		85.42	34.50	1	1	|
647	26	26	23	66		45.73	94.44	1	1	|
648	26	26	30	29		21.01	93.61	1	1	|
649	26	26	53	33		58.75	4.80	1	1	|
650	26	26	32	31		.00	44.80	1	1	|
651	26	26	51	52		70.00	35.50	1	1	|
652	26	26	50	49		146.18	94.90	1	1	|
653	27	26	4	1		60.33	91.21	1	1	|
654	27	26	2	3		90.41	74.23	1	1	|
655	27	26	7	10		78.65	54.45	1	1	|
656	27	26	8	9		97.30	60.73	1	1	|
657	27	26	5	11		101.33	100.17	1	1	|
658	27	26	12	6		36.12	212.97	1	1	|
659	27	26	59	56		75.83	86.11	1	1	|
660	27	26	57	54		102.22	168.15	1	1	|
661	27	26	38	61		30.30	45.56	1	1	|
662	27	26	36	60		41.43	78.67	1	1	|
663	27	26	65	37		65.81	104.44	1	1	|
664	27	26	63	35		21.67	39.55	1	1	|
665	27	26	58	55		79.44	59.17	1	1	|
666	27	26	67	39		40.83	7.83	1	1	|
667	27	26	62	34		31.43	18.26	1	1	|
668	27	26	18	44		.00	63.33	1	1	|
669	27	26	69	19		38.39	80.54	1	1	|
670	27	26	42	17		162.50	2.16	1	1	|
671	27	26	21	15		55.42	34.76	1	1	|
672	27	26	45	40		110.42	580.00	1	1	|
673	27	26	20	16		50.10	136.57	1	1	|
674	27	26	22	66		148.73	103.89	1	1	|
675	27	26	26	23		.00	70.00	1	1	|
676	27	26	27	68		99.02	32.00	1	1	|
677	27	26	25	46		29.47	81.90	1	1	|
678	27	26	48	24		85.24	113.33	1	1	|
679	27	26	47	28		88.89	35.71	1	1	|
680	27	26	30	49		18.01	65.86	1	1	|
681	27	26	52	53		141.07	109.58	1	1	|
682	27	26	33	51		9.33	56.67	1	1	|
683	27	26	50	31		78.75	12.14	1	1	|
685	28	33	2508	2509		36.08	32.95	0	0	|
687	28	33	2500	2501		79.73	65.73	0	0	|
689	28	33	2504	2505		10.62	15.51	0	0	|
691	28	33	2514	2515		19.79	16.51	0	0	|
693	28	33	2518	2519				0	0	|
695	28	33	2522	2523		10.15	8.05	0	0	|
697	28	33	2527	2528				0	0	|
699	28	33	2531	2532		50.90	6.12	0	0	|
701	28	33	2534	2536		31.92	24.11	0	0	|
703	28	33	2539	2540		19.03	19.03	0	0	|
705	29	33	2507	2511		17.97	5.74	0	0	|
707	29	33	2500	2503		9.40	8.73	0	0	|
709	29	33	2504	2501		7.53	13.40	0	0	|
711	29	33	2514	2517		2.54	5.21	0	0	|
713	29	33	2518	2522		42.05	5.41	0	0	|
715	29	33	2521	2519		5.98	24.22	0	0	|
717	29	33	2527	2530		67.66	27.09	0	0	|
718	29	33	2526	2528		15.85	21.46	0	0	|
719	29	33	2531	2533		10.80	6.61	0	0	|
720	29	33	2535	2536		22.61	1.92	0	0	|
721	29	33	2534	2532		4.50	.42	0	0	|
722	29	33	2537	2539		6.91	7.76	0	0	|
723	29	33	2538	2540		1.79	12.18	0	0	|
724	30	33	2506	2510		1.46	18.08	0	0	|
725	30	33	2508	2507		12.11	21.74	0	0	|
726	30	33	2509	2511		15.30	11.27	0	0	|
727	30	33	2500	2505		16.09	18.22	0	0	|
728	30	33	2502	2501		22.66	13.98	0	0	|
729	30	33	2504	2503		8.43	10.59	0	0	|
730	30	33	2512	2517		11.29	3.08	0	0	|
731	30	33	2514	2513		1.58	8.16	0	0	|
732	30	33	2516	2515		16.92	1.91	0	0	|
733	30	33	2518	2520		18.17	17.43	0	0	|
734	30	33	2521	2522		28.21	11.41	0	0	|
735	30	33	2519	2523		28.01	5.65	0	0	|
736	30	33	2525	2528		18.24	22.88	0	0	|
737	30	33	2527	2529		28.46	17.06	0	0	|
738	30	33	2526	2530		33.57	40.67	0	0	|
739	30	33	2531	2536				0	0	|
740	30	33	2535	2534				0	0	|
741	30	33	2532	2533				0	0	|
742	30	33	2537	2540		6.69	10.41	0	0	|
743	30	33	2539	2538		46.22	4.81	0	0	|
744	31	33	2506	2509		1.59	13.29	0	0	|
745	31	33	2508	2511		6.66	9.79	0	0	|
746	31	33	2510	2507		12.95	16.53	0	0	|
747	31	33	2500	2502		13.77	29.77	0	0	|
748	31	33	2501	2503		8.99	6.59	0	0	|
749	31	33	2504	2505		10.62	15.51	0	0	|
750	31	33	2512	2514				0	0	|
751	31	33	2513	2515				0	0	|
752	31	33	2516	2517				0	0	|
753	31	33	2518	2521		11.42	22.24	0	0	|
754	31	33	2520	2519		30.42	68.07	0	0	|
755	31	33	2522	2523		10.15	8.05	0	0	|
756	31	33	2525	2527				0	0	|
757	31	33	2526	2529				0	0	|
758	31	33	2530	2528				0	0	|
759	31	33	2531	2534		10.06	5.34	0	0	|
760	31	33	2535	2532		25.59	3.70	0	0	|
761	31	33	2536	2533		1.85	4.72	0	0	|
762	31	33	2537	2538		4.93	113.54	0	0	|
763	31	33	2539	2540		19.03	19.03	0	0	|
764	32	33	2506	2511				0	0	|
765	32	33	2508	2510				0	0	|
766	32	33	2507	2509				0	0	|
767	32	33	2500	2504				0	0	|
768	32	33	2501	2505				0	0	|
769	32	33	2503	2502				0	0	|
770	32	33	2512	2516				0	0	|
771	32	33	2514	2515				0	0	|
772	32	33	2513	2517				0	0	|
773	32	33	2518	2523				0	0	|
774	32	33	2520	2521				0	0	|
775	32	33	2522	2519				0	0	|
776	32	33	2525	2530				0	0	|
777	32	33	2527	2526				0	0	|
778	32	33	2528	2529				0	0	|
779	32	33	2531	2535				0	0	|
780	32	33	2532	2536				0	0	|
781	32	33	2534	2533				0	0	|
782	32	33	2537	2539				0	0	|
783	32	33	2538	2540				0	0	|
784	33	33	2506	2507				0	0	|
785	33	33	2508	2509				0	0	|
786	33	33	2510	2511				0	0	|
787	33	33	2500	2501				0	0	|
788	33	33	2502	2504				0	0	|
789	33	33	2503	2505				0	0	|
790	33	33	2512	2513				0	0	|
791	33	33	2514	2516				0	0	|
792	33	33	2517	2515				0	0	|
793	33	33	2518	2519				0	0	|
794	33	33	2520	2522				0	0	|
795	33	33	2521	2523				0	0	|
796	33	33	2525	2526				0	0	|
797	33	33	2527	2528				0	0	|
798	33	33	2530	2529				0	0	|
799	33	33	2531	2532				0	0	|
800	33	33	2533	2535				0	0	|
801	33	33	2534	2536				0	0	|
802	33	33	2537	2540		6.69	10.41	0	0	|
803	33	33	2539	2538		46.22	4.81	0	0	|
