1	44	19	10	625416|
2	45	19	20	588183|
3	60	19	30	884635|
4	60	19	40	628517|
5	61	19	50	934654|
6	61	19	60	990398|
7	61	19	61	338194|
8	61	19	70	637227|
9	48	17	80	950369|
10	48	17	90	567715|
11	48	17	100	682854|
12	48	17	110	523413|
13	48	17	120	881314|
14	48	17	130	856376|
15	48	17	140	722388|
16	48	17	150	938258|
17	49	17	160	286435|
18	49	17	170	942038|
19	49	17	180	812325|
20	54	17	190	877674|
21	54	17	191	990501|
22	54	17	192	912897|
23	54	17	193	900578|
24	54	17	194	260424|
25	54	17	195	349726|
26	54	17	200	162813|
27	54	17	210	418069|
28	54	17	220	756243|
29	63	17	230	867391|
30	63	17	231	844434|
31	63	17	232	919349|
32	63	17	240	863975|
33	63	17	241	959478|
34	63	17	242	572323|
35	63	17	243	973230|
36	63	17	250	239687|
37	63	17	260	470286|
38	46	20	270	376083|
39	46	20	280	803405|
40	46	20	290	274795|
41	58	20	300	938057|
42	62	20	310	903479|
43	62	20	311	779078|
44	62	20	312	924194|
45	62	20	313	610610|
46	67	20	320	873567|
47	67	20	321	955580|
48	67	20	322	784383|
49	55	16	330	210952|
50	55	16	340	779817|
51	56	16	350	465007|
52	56	16	360	421584|
53	56	16	361	952914|
54	56	16	362	843235|
55	56	16	370	656831|
56	64	16	380	949870|
57	65	16	390	306774|
58	69	21	55121	215496|
59	71	21	55141	488536|
60	76	23	55311	859295|
61	76	23	55313	614876|
62	77	23	55322	432059|
63	77	23	55324	666238|
64	78	23	55332	994011|
65	78	23	55334	857261|
66	79	23	55341	115302|
67	79	23	55343	635311|
68	80	23	55352	380397|
69	80	23	55354	667294|
70	73	22	55211	927636|
71	66	16	400	721010|
72	66	16	401	805184|
73	66	16	402	597279|
74	66	16	403	774643|
75	66	16	410	519100|
76	66	16	411	643579|
77	66	16	412	634095|
78	66	16	413	258190|
79	66	16	414	536479|
80	66	16	415	437393|
81	66	16	420	964814|
82	47	18	430	379558|
83	47	18	431	981799|
84	47	18	432	323159|
85	47	18	433	992329|
86	47	18	436	492568|
87	47	18	440	406100|
88	47	18	441	610265|
89	47	18	450	600980|
90	47	18	451	506704|
91	47	18	452	993426|
92	50	18	460	609076|
93	50	18	470	672174|
94	50	18	471	340242|
95	50	18	472	701457|
96	50	18	473	709057|
97	50	18	474	850015|
98	52	18	480	623368|
99	52	18	481	652128|
100	53	18	490	706899|
101	53	18	491	556929|
102	53	18	492	651309|
103	53	18	500	372257|
104	53	18	510	384646|
105	57	18	520	259284|
106	57	18	530	587458|
107	59	18	540	684172|
108	59	18	541	337818|
109	59	18	542	983019|
110	51	18	550	916494|
111	51	18	560	446332|
112	51	18	561	953536|
113	51	18	562	979272|
114	51	18	563	147512|
115	51	18	564	443953|
116	51	18	570	238650|
117	51	18	571	239998|
118	51	18	572	767144|
119	51	18	573	529637|
120	51	18	574	397857|
121	51	18	575	763595|
122	70	21	55131	442688|
123	72	21	55151	913991|
124	74	22	55221	661835|
125	75	22	55231	970537|
126	76	23	55312	475230|
127	77	23	55321	306257|
128	77	23	55323	865362|
129	78	23	55331	468991|
130	78	23	55333	502772|
131	78	23	55335	804931|
132	79	23	55342	875442|
133	80	23	55351	170441|
134	80	23	55353	453352|
135	68	21	55111	938396|
136	6	3	211	169431|
137	6	3	212	555321|
138	6	3	213	748173|
139	6	3	214	955542|
140	6	3	215	663160|
141	7	3	222	688634|
142	7	3	223	754730|
143	7	3	224	966389|
144	7	3	225	789065|
145	8	3	231	985576|
146	8	3	232	489929|
147	8	3	233	332719|
148	8	3	234	824307|
149	8	3	236	727166|
150	9	4	314	573214|
151	7	3	221	308692|
152	9	4	315	468897|
153	10	4	321	325868|
154	10	4	322	429697|
155	10	4	323	931480|
156	10	4	324	673823|
157	10	4	325	841215|
158	11	4	332	743275|
159	11	4	334	761886|
160	12	4	351	719177|
161	12	4	352	245436|
162	12	4	353	159764|
163	12	4	354	874971|
164	12	4	355	542276|
165	14	5	422	539080|
166	14	5	424	240013|
167	14	5	425	900679|
168	14	5	426	315787|
169	15	5	435	916642|
170	15	5	434	663039|
171	16	5	442	414461|
172	17	5	454	275856|
173	2	2	111	782187|
174	2	2	112	679148|
175	2	2	113	677903|
176	1	1	111	800229|
177	9	4	311	514976|
178	9	4	312	813058|
179	9	4	313	529345|
180	2	2	114	736380|
181	3	2	121	485088|
182	2	2	122	817028|
183	3	2	123	924514|
184	3	2	124	979633|
185	4	2	131	819049|
186	4	2	132	873981|
187	4	2	133	927142|
188	4	2	134	301290|
189	4	2	135	915457|
190	5	2	141	950627|
191	5	2	142	349596|
192	5	2	143	426752|
193	5	2	144	710602|
194	11	4	331	900593|
195	11	4	333	643497|
196	12	4	359	363651|
197	12	4	356	694096|
198	12	4	357	917543|
199	12	4	358	540354|
200	14	5	423	979965|
201	15	5	431	174497|
202	15	5	433	738305|
203	15	5	436	542179|
204	16	5	441	832155|
205	16	5	443	294931|
206	16	5	444	595997|
207	17	5	451	562121|
208	17	5	452	243278|
209	17	5	453	898720|
210	13	5	411	523151|
211	13	5	412	815083|
212	13	5	413	631119|
213	13	5	414	545011|
214	13	5	415	404837|
215	18	6	52112	958354|
216	18	6	52114	986316|
217	18	6	52113	774389|
218	19	6	52121	181791|
219	19	6	52122	482229|
220	19	6	52123	200485|
221	19	6	52124	624513|
222	20	6	52131	303537|
223	21	7	52211	350635|
224	21	7	52213	144337|
225	21	7	52214	395739|
226	22	7	52222	431511|
227	22	7	52224	891759|
228	23	7	52231	995816|
229	24	7	52241	666739|
230	25	8	52312	392193|
231	25	8	52313	938671|
232	25	8	52314	318217|
233	27	8	52331	560134|
234	28	8	52341	380221|
235	29	8	52351	219946|
236	30	9	52411	988307|
237	30	9	52412	258113|
238	30	9	52413	411528|
239	31	9	52421	900294|
240	31	9	52422	274461|
241	31	9	52423	768062|
242	32	9	52431	926456|
243	33	9	52441	971182|
244	34	9	52451	164775|
245	18	6	52111	938186|
246	21	7	52212	242890|
247	22	7	52221	391462|
248	22	7	52223	945197|
249	25	8	52311	723136|
250	26	8	52321	759376|
251	40	14	55124	477989|
252	41	14	55135	927657|
253	42	15	55212	699634|
254	42	15	55213	408252|
255	42	15	55214	946254|
256	42	15	55215	928181|
257	43	15	55221	832096|
258	35	10	RG01	858767|
259	36	11	RG02	401008|
260	37	12	N01	995023|
261	38	13	N02	488259|
262	41	14	55134	570211|
263	41	14	55136	476881|
264	41	14	55131	486790|
265	41	14	55132	704804|
266	41	14	55133	995037|
267	39	14	55111	229012|
268	39	14	55112	400564|
269	39	14	55113	702985|
270	40	14	55123	931990|
271	40	14	55121	273673|
272	40	14	55122	950028|
273	40	14	55125	654248|
274	42	15	55211	729224|
275	43	15	55222	778893|
276	43	15	55223	993595|
277	43	15	55224	695863|
278	43	15	55225	237437|
279	81	24	101	605086|
327	88	25	NT11	712526|
329	88	25	NT14	196543|
331	88	25	NT4	912986|
333	87	25	OC13	695672|
335	89	25	VA11	439059|
337	89	25	VA13	272070|
339	89	25	VA15	271024|
341	89	25	VA22	717704|
343	89	25	VA25	234536|
345	89	25	VA28	550924|
347	90	25	CE13	688610|
349	87	25	OC11	952493|
350	88	25	NT12	317522|
352	86	24	600	189906|
353	88	25	NT21	357849|
354	85	24	503	436234|
355	91	26	NORTE	641936|
357	91	26	SUR	139758|
358	83	24	307	989004|
359	85	24	500	803011|
360	82	24	200	|
361	92	27	AQUAGOLRT	|
366	93	28	00	|
364	94	29	52411	|
367	95	30	101	|
369	95	30	103	|
371	95	30	105	|
373	95	30	107	|
427	195	31	101	1849|
431	195	31	105	1845|
428	195	31	102	1848|
432	195	31	106	1844|
435	195	31	109	1841|
437	195	31	111	1758|
488	203	34	5	|
441	197	31	312	1754|
490	206	36	3	|
445	197	31	302	1668|
447	195	31	112	1666|
449	197	31	306	1664|
451	197	31	308	1662|
453	198	31	402	1578|
455	198	31	404	1576|
457	198	31	406	1574|
459	198	31	408	1572|
461	199	31	501	1489|
463	199	31	503	1487|
465	199	31	504	1485|
467	199	31	507	1483|
469	200	31	602	1398|
471	200	31	604	1396|
473	200	31	606	1394|
475	200	31	608	1392|
477	197	31	311	4951|
479	197	31	314	4791|
480	197	31	313	4801|
482	198	31	400	|
484	200	31	600	|
486	206	36	2	|
492	206	36	4	|
493	207	37	6	|
494	207	37	7	|
495	201	32	0	|
497	208	38	FORANEO	|
499	210	39	2	|
500	214	40	BAJIO	39417|
502	213	40	CENTRO	25384|
504	214	40	OCCIDENTE	23587|
506	224	41	DU PAPIER	|
508	218	41	ADOSA	|
510	221	0	PAPELERA DEL NORTE	|
512	223	41	PRINCIPADO	|
516	213	40	MANTENIMIENTO	|
517	214	40	MANTENIMIENTO	|
518	213	40	CAPACITACION	|
519	214	40	CAPACITACION	|
520	227	43	ZONA NORTE	|
521	227	43	ZONA CENTRO	|
522	227	43	ZONA SUR	|
280	81	24	102	350626|
281	81	24	103	725174|
282	81	24	104	660796|
283	81	24	105	363634|
284	81	24	106	663506|
285	81	24	107	726232|
286	81	24	108	988530|
287	81	24	109	937705|
288	82	24	201	919465|
289	82	24	202	773832|
290	82	24	203	849292|
291	82	24	204	294728|
292	82	24	205	880479|
293	82	24	206	544552|
294	82	24	207	725856|
295	82	24	208	348873|
296	82	24	209	916530|
297	83	24	301	990939|
298	83	24	302	373070|
299	83	24	303	798102|
300	83	24	304	646234|
301	83	24	305	919649|
302	83	24	308	983473|
303	83	24	306	327292|
304	84	24	401	327465|
305	84	24	402	319561|
306	84	24	403	802929|
307	84	24	404	661355|
308	84	24	405	997978|
309	84	24	406	939904|
310	84	24	407	396245|
311	84	24	408	768372|
312	84	24	409	366040|
313	85	24	501	618387|
314	85	24	502	162797|
315	85	24	504	312710|
316	85	24	505	451045|
317	85	24	506	459319|
318	85	24	507	602159|
319	86	24	601	358150|
320	86	24	602	474149|
321	86	24	603	161736|
322	86	24	604	429723|
323	86	24	605	321013|
324	86	24	606	498889|
325	86	24	607	597524|
326	86	24	608	842328|
328	88	25	NT13	173285|
330	88	25	NT23	921811|
332	87	25	OC12	639548|
334	87	25	OC14	933883|
336	89	25	VA12	895737|
338	89	25	VA14	113094|
340	89	25	VA21	239773|
342	89	25	VA24	960993|
344	89	25	VA26	181061|
346	89	25	VA29	307173|
348	90	25	CE12	757390|
351	88	25	NT15	358580|
356	91	26	CENTRO	386982|
363	94	29	07131	|
365	94	29	07121	|
368	95	30	102	|
370	95	30	104	|
372	95	30	106	|
374	95	30	108	|
375	95	30	109	|
376	96	30	201	|
377	96	30	202	|
378	96	30	203	|
379	96	30	204	|
380	96	30	205	|
381	96	30	206	|
382	96	30	207	|
383	96	30	208	|
384	97	30	301	|
385	97	30	302	|
386	97	30	303	|
387	97	30	304	|
388	97	30	305	|
389	97	30	306	|
390	97	30	307	|
391	97	30	308	|
392	98	30	401	|
393	98	30	402	|
394	98	30	403	|
395	98	30	404	|
396	98	30	405	|
397	98	30	406	|
398	98	30	407	|
399	98	30	408	|
400	98	30	409	|
401	99	30	501	|
402	99	30	502	|
403	99	30	503	|
404	99	30	504	|
405	99	30	505	|
406	99	30	506	|
407	99	30	507	|
408	100	30	601	|
409	100	30	602	|
410	100	30	603	|
411	100	30	604	|
412	100	30	605	|
413	100	30	606	|
414	100	30	607	|
415	100	30	608	|
416	97	30	300	|
429	195	31	103	1847|
433	195	31	107	1843|
430	195	31	104	1846|
434	195	31	108	1842|
436	195	31	110	1759|
438	197	31	309	1757|
487	202	33	9	|
489	204	0	8	|
444	197	31	301	1669|
446	197	31	303	1667|
448	197	31	305	1665|
450	197	31	307	1663|
452	198	31	401	1579|
454	198	31	403	1577|
456	198	31	405	1575|
458	198	31	407	1573|
460	198	31	409	1571|
462	199	31	502	1488|
464	199	31	500	1486|
466	199	31	506	1484|
468	200	31	601	1399|
470	200	31	603	1397|
472	200	31	605	1395|
474	200	31	607	1393|
476	197	31	300	1670|
478	197	31	310	8647|
481	195	31	100	|
483	199	31	500	|
485	206	36	1	|
491	203	34	8	|
496	208	38	LOCAL	|
498	209	39	1	|
501	213	40	NORTE	49365|
503	204	0	IL PLAY	|
505	215	41	DC MAYORISTA	|
507	217	41	LA ESTRELLA	|
509	220	41	MARVA	|
511	222	0	PRINCIPADO	|
513	221	0	PAPELERA DEL NORTE	|
514	225	41	PAPELERA DEL NORTE	|
515	226	41	TLAQUEPAQUE	|
