1844	1	10|
728	1	9|
1085	1	9|
1386	1	9|
1795	1	9|
2282	1	9|
307	1	8|
528	1	8|
863	1	8|
947	1	8|
1209	1	8|
1326	1	8|
1360	1	8|
1789	1	8|
1896	1	8|
1984	1	8|
2358	1	8|
2510	1	8|
2601	1	8|
5978	1	8|
42	1	7|
85	1	7|
105	1	7|
184	1	7|
446	1	7|
522	1	7|
1006	1	7|
1089	1	7|
1227	1	7|
1300	1	7|
1406	1	7|
1460	1	7|
2518	1	7|
2596	1	7|
3368	1	7|
4519	1	7|
4623	1	7|
4952	1	7|
5029	1	7|
44	1	6|
247	1	6|
292	1	6|
488	1	6|
609	1	6|
916	1	6|
1036	1	6|
1179	1	6|
1256	1	6|
1276	1	6|
1343	1	6|
1394	1	6|
1736	1	6|
1935	1	6|
2061	1	6|
2290	1	6|
2350	1	6|
2656	1	6|
4088	1	6|
121	1	5|
377	1	5|
570	1	5|
1225	1	5|
1251	1	5|
1257	1	5|
1288	1	5|
1353	1	5|
1395	1	5|
1526	1	5|
1540	1	5|
1786	1	5|
1991	1	5|
2099	1	5|
2340	1	5|
2494	1	5|
3793	1	5|
5347	1	5|
26	1	4|
239	1	4|
366	1	4|
795	1	4|
868	1	4|
912	1	4|
1282	1	4|
1389	1	4|
1607	1	4|
2045	1	4|
2167	1	4|
2420	1	4|
2425	1	4|
2589	1	4|
3061	1	4|
3220	1	4|
3615	1	4|
4198	1	4|
6375	1	4|
132	1	3|
397	1	3|
659	1	3|
1190	1	3|
2123	1	3|
2449	1	3|
3426	1	3|
3743	1	3|
4146	1	3|
5191	1	3|
1775	1	2|
1798	1	2|
2136	1	2|
3206	1	2|
478	2	13|
906	6	10|
478	6	9|
317	6	8|
4618	6	8|
1288	6	7|
2167	6	7|
5019	6	7|
480	6	6|
2299	6	6|
522	6	5|
2510	6	5|
6854	6	4|
1089	9	12|
523	9	11|
1734	9	9|
317	9	8|
2167	9	8|
2510	9	7|
44	9	5|
1427	10	9|
2167	10	9|
523	10	7|
609	10	6|
2136	10	6|
1703	11	8|
478	11	6|
2522	11	4|
523	11	2|
15349	12	14|
7434	12	14|
8006	12	14|
15533	12	14|
16041	12	13|
6984	12	12|
7858	12	12|
7861	12	12|
6964	12	11|
7860	12	11|
8005	12	11|
15192	12	11|
16338	12	11|
6971	12	10|
7859	12	10|
7888	12	10|
7993	12	10|
14796	12	10|
16069	12	10|
16249	12	10|
16737	12	10|
6965	12	9|
6967	12	9|
7878	12	9|
15741	12	9|
6970	12	8|
6973	12	8|
7864	12	8|
7865	12	8|
7880	12	8|
16025	12	8|
16660	12	8|
6963	12	7|
6969	12	7|
6972	12	7|
6983	12	7|
14742	12	7|
15715	12	7|
16525	12	7|
6968	12	6|
6977	12	6|
6985	12	6|
7887	12	6|
16495	12	6|
6966	12	5|
6975	12	5|
6981	12	5|
6855	12	2|
7337	12	2|
7340	12	2|
7342	12	2|
7344	12	2|
7346	12	2|
7348	12	2|
7350	12	2|
7352	12	2|
7354	12	2|
7356	12	2|
7359	12	2|
7361	12	2|
7363	12	2|
7365	12	2|
7367	12	2|
7369	12	2|
7371	12	2|
7373	12	2|
7375	12	2|
7377	12	2|
7379	12	2|
7381	12	2|
7383	12	2|
7385	12	2|
7387	12	2|
7389	12	2|
7391	12	2|
7393	12	2|
7396	12	2|
7398	12	2|
7400	12	2|
7403	12	2|
7405	12	2|
7407	12	2|
7409	12	2|
7411	12	2|
7414	12	2|
7416	12	2|
7419	12	2|
7421	12	2|
7423	12	2|
7426	12	2|
7428	12	2|
7430	12	2|
7432	12	2|
7435	12	2|
7439	12	2|
7441	12	2|
7443	12	2|
7445	12	2|
7447	12	2|
7450	12	2|
7453	12	2|
7455	12	2|
7458	12	2|
7460	12	2|
7462	12	2|
7464	12	2|
7473	12	2|
7475	12	2|
7478	12	2|
7673	12	2|
17247	12	2|
14576	12	2|
14634	12	2|
15547	12	2|
15900	12	2|
16255	12	2|
16609	12	2|
16959	12	2|
1747	2	11|
1984	2	11|
6338	2	11|
184	2	10|
1257	2	10|
3368	2	10|
556	2	9|
1350	2	9|
1460	2	9|
1703	2	9|
2099	2	9|
5365	2	9|
44	2	8|
338	2	8|
2061	2	8|
2282	2	8|
2350	2	8|
247	2	7|
377	2	7|
523	2	7|
1085	2	7|
1089	2	7|
2510	2	7|
317	2	6|
570	2	6|
609	2	6|
795	2	6|
868	2	6|
1427	2	6|
2136	2	6|
2449	2	6|
5019	2	6|
1736	2	5|
3684	2	5|
3743	2	5|
4952	2	4|
132	2	3|
121	2	2|
1703	6	10|
523	6	9|
2522	6	8|
1089	6	7|
1453	6	7|
3793	6	7|
184	6	6|
1736	6	6|
2340	6	6|
1747	6	5|
377	6	4|
1944	6	2|
1179	9	12|
906	9	11|
247	9	8|
1747	9	8|
609	9	7|
2136	9	6|
247	10	9|
1798	10	9|
2510	10	8|
3743	10	7|
1736	10	6|
2510	11	9|
1089	11	7|
1736	11	6|
377	11	2|
6931	12	2|
6927	12	2|
6897	12	2|
6901	12	2|
6905	12	2|
6909	12	2|
6911	12	2|
6913	12	2|
6917	12	2|
6919	12	2|
6921	12	2|
6923	12	2|
6925	12	2|
6889	12	2|
6893	12	2|
6875	12	2|
6879	12	2|
6883	12	2|
6861	12	2|
6867	12	2|
6871	12	2|
6862	12	2|
6870	12	2|
6878	12	2|
6882	12	2|
6886	12	2|
6890	12	2|
6894	12	2|
6900	12	2|
6906	12	2|
6926	12	2|
6930	12	2|
6934	12	2|
7121	12	2|
7401	12	2|
7588	12	2|
7976	12	2|
6936	12	2|
6938	12	2|
6941	12	2|
6943	12	2|
6945	12	2|
6948	12	2|
6951	12	2|
6953	12	2|
6955	12	2|
6957	12	2|
6959	12	2|
6961	12	2|
6974	12	2|
6978	12	2|
6986	12	2|
6988	12	2|
6990	12	2|
6992	12	2|
6994	12	2|
6996	12	2|
6998	12	2|
7000	12	2|
7002	12	2|
7004	12	2|
7006	12	2|
7008	12	2|
7010	12	2|
7013	12	2|
7015	12	2|
7017	12	2|
7019	12	2|
7021	12	2|
7023	12	2|
7025	12	2|
7027	12	2|
7030	12	2|
7032	12	2|
7034	12	2|
7036	12	2|
7038	12	2|
7040	12	2|
7042	12	2|
7046	12	2|
7048	12	2|
7050	12	2|
7053	12	2|
7055	12	2|
7057	12	2|
7059	12	2|
7061	12	2|
7063	12	2|
7065	12	2|
7067	12	2|
7069	12	2|
7071	12	2|
7073	12	2|
7075	12	2|
7077	12	2|
7080	12	2|
7082	12	2|
7084	12	2|
7086	12	2|
7088	12	2|
7090	12	2|
7092	12	2|
7095	12	2|
7098	12	2|
7101	12	2|
7103	12	2|
7105	12	2|
7107	12	2|
7109	12	2|
7112	12	2|
7114	12	2|
7119	12	2|
7122	12	2|
7124	12	2|
7126	12	2|
7128	12	2|
7130	12	2|
7132	12	2|
7135	12	2|
7137	12	2|
7138	12	2|
7139	12	2|
7140	12	2|
7141	12	2|
7142	12	2|
7143	12	2|
7144	12	2|
7145	12	2|
7146	12	2|
7147	12	2|
7149	12	2|
7150	12	2|
7151	12	2|
7152	12	2|
7153	12	2|
7154	12	2|
7155	12	2|
7156	12	2|
7157	12	2|
7158	12	2|
7159	12	2|
7160	12	2|
7161	12	2|
7163	12	2|
7164	12	2|
7165	12	2|
7166	12	2|
7167	12	2|
7168	12	2|
7169	12	2|
7170	12	2|
7171	12	2|
7173	12	2|
7175	12	2|
7176	12	2|
7177	12	2|
7178	12	2|
7179	12	2|
7180	12	2|
7181	12	2|
7182	12	2|
7183	12	2|
7184	12	2|
7185	12	2|
7186	12	2|
7187	12	2|
7188	12	2|
7190	12	2|
7191	12	2|
7192	12	2|
7193	12	2|
7194	12	2|
7195	12	2|
7196	12	2|
7198	12	2|
7199	12	2|
7201	12	2|
7202	12	2|
7203	12	2|
7204	12	2|
7205	12	2|
7206	12	2|
7207	12	2|
7208	12	2|
7209	12	2|
7210	12	2|
7211	12	2|
7212	12	2|
7213	12	2|
7215	12	2|
7216	12	2|
7217	12	2|
7218	12	2|
7219	12	2|
7220	12	2|
7221	12	2|
7222	12	2|
7223	12	2|
7224	12	2|
7225	12	2|
7226	12	2|
7227	12	2|
7228	12	2|
7229	12	2|
7230	12	2|
7231	12	2|
7232	12	2|
7233	12	2|
7234	12	2|
7235	12	2|
7236	12	2|
7237	12	2|
7238	12	2|
7239	12	2|
7240	12	2|
7241	12	2|
7242	12	2|
7243	12	2|
7244	12	2|
7246	12	2|
7247	12	2|
7248	12	2|
7249	12	2|
7250	12	2|
7251	12	2|
7252	12	2|
7253	12	2|
7254	12	2|
7255	12	2|
7256	12	2|
7257	12	2|
7258	12	2|
7259	12	2|
7260	12	2|
7262	12	2|
7263	12	2|
7264	12	2|
7265	12	2|
7266	12	2|
7267	12	2|
7268	12	2|
7269	12	2|
7270	12	2|
7271	12	2|
7272	12	2|
7273	12	2|
7274	12	2|
7275	12	2|
7276	12	2|
7280	12	2|
7284	12	2|
7285	12	2|
7287	12	2|
7288	12	2|
7290	12	2|
7291	12	2|
7294	12	2|
7297	12	2|
7298	12	2|
7299	12	2|
7300	12	2|
7301	12	2|
7302	12	2|
7303	12	2|
7304	12	2|
7305	12	2|
7307	12	2|
7308	12	2|
7310	12	2|
7311	12	2|
7312	12	2|
7315	12	2|
7316	12	2|
7318	12	2|
7321	12	2|
7322	12	2|
7323	12	2|
7324	12	2|
7325	12	2|
7326	12	2|
7329	12	2|
7330	12	2|
7331	12	2|
7332	12	2|
7333	12	2|
7869	12	5|
7762	12	4|
7162	12	3|
6856	12	2|
6857	12	2|
6858	12	2|
6899	12	2|
6903	12	2|
6907	12	2|
6910	12	2|
6912	12	2|
6914	12	2|
6918	12	2|
6920	12	2|
6922	12	2|
6924	12	2|
6859	12	2|
6891	12	2|
6860	12	2|
6877	12	2|
6881	12	2|
6887	12	2|
6863	12	2|
6869	12	2|
6873	12	2|
6864	12	2|
6872	12	2|
6880	12	2|
6884	12	2|
6888	12	2|
6892	12	2|
6896	12	2|
6902	12	2|
6908	12	2|
6928	12	2|
6932	12	2|
7029	12	2|
7214	12	2|
7494	12	2|
7782	12	2|
6935	12	2|
6937	12	2|
6939	12	2|
6942	12	2|
6944	12	2|
6946	12	2|
6949	12	2|
6952	12	2|
6954	12	2|
6956	12	2|
6958	12	2|
6960	12	2|
6962	12	2|
6976	12	2|
6979	12	2|
6987	12	2|
6989	12	2|
6991	12	2|
6993	12	2|
6995	12	2|
6997	12	2|
6999	12	2|
7001	12	2|
7003	12	2|
7005	12	2|
7007	12	2|
7009	12	2|
7012	12	2|
7014	12	2|
7016	12	2|
7018	12	2|
7020	12	2|
7022	12	2|
7024	12	2|
7026	12	2|
7028	12	2|
7031	12	2|
7033	12	2|
7035	12	2|
7037	12	2|
7039	12	2|
7041	12	2|
7043	12	2|
7047	12	2|
7049	12	2|
7051	12	2|
7054	12	2|
7056	12	2|
7058	12	2|
7060	12	2|
7062	12	2|
7064	12	2|
7066	12	2|
7068	12	2|
7070	12	2|
7072	12	2|
7074	12	2|
7076	12	2|
7078	12	2|
7081	12	2|
7083	12	2|
7085	12	2|
7087	12	2|
7089	12	2|
7091	12	2|
7094	12	2|
7097	12	2|
7100	12	2|
7102	12	2|
7104	12	2|
7106	12	2|
7108	12	2|
7110	12	2|
7113	12	2|
7115	12	2|
7120	12	2|
7123	12	2|
7125	12	2|
7127	12	2|
7129	12	2|
7131	12	2|
7134	12	2|
7136	12	2|
7335	12	2|
7338	12	2|
7341	12	2|
7343	12	2|
7345	12	2|
7347	12	2|
7349	12	2|
7351	12	2|
7353	12	2|
7355	12	2|
7358	12	2|
7360	12	2|
7362	12	2|
7364	12	2|
7366	12	2|
7368	12	2|
7370	12	2|
7372	12	2|
7374	12	2|
7376	12	2|
7378	12	2|
7380	12	2|
7382	12	2|
7384	12	2|
7386	12	2|
7388	12	2|
7390	12	2|
7392	12	2|
7395	12	2|
7397	12	2|
7399	12	2|
7402	12	2|
7404	12	2|
7406	12	2|
7408	12	2|
7410	12	2|
7413	12	2|
7415	12	2|
7417	12	2|
7420	12	2|
7422	12	2|
7912	12	2|
7913	12	2|
7914	12	2|
7915	12	2|
7916	12	2|
7917	12	2|
7918	12	2|
7919	12	2|
7920	12	2|
7921	12	2|
7922	12	2|
7923	12	2|
7924	12	2|
7925	12	2|
7928	12	2|
7929	12	2|
7930	12	2|
7931	12	2|
7932	12	2|
7933	12	2|
7934	12	2|
7935	12	2|
7936	12	2|
7938	12	2|
7939	12	2|
7940	12	2|
7941	12	2|
7942	12	2|
7943	12	2|
7944	12	2|
7945	12	2|
7946	12	2|
7947	12	2|
7948	12	2|
7949	12	2|
7950	12	2|
7951	12	2|
7953	12	2|
7956	12	2|
7957	12	2|
7958	12	2|
7961	12	2|
7963	12	2|
7964	12	2|
7965	12	2|
7966	12	2|
7967	12	2|
7968	12	2|
7969	12	2|
7970	12	2|
7971	12	2|
7972	12	2|
7973	12	2|
7974	12	2|
7975	12	2|
7977	12	2|
7978	12	2|
7979	12	2|
7980	12	2|
7981	12	2|
7982	12	2|
7983	12	2|
7984	12	2|
7985	12	2|
7986	12	2|
7987	12	2|
7988	12	2|
7989	12	2|
7990	12	2|
7992	12	2|
7995	12	2|
7996	12	2|
7998	12	2|
7999	12	2|
8000	12	2|
8001	12	2|
8002	12	2|
8003	12	2|
8004	12	2|
17175	12	2|
17177	12	2|
17179	12	2|
17181	12	2|
17183	12	2|
17185	12	2|
17187	12	2|
17188	12	2|
17189	12	2|
17190	12	2|
17191	12	2|
17192	12	2|
17193	12	2|
17194	12	2|
17195	12	2|
17196	12	2|
17197	12	2|
17198	12	2|
17199	12	2|
17200	12	2|
17201	12	2|
17202	12	2|
17203	12	2|
17204	12	2|
17205	12	2|
17206	12	2|
17207	12	2|
17208	12	2|
17209	12	2|
17210	12	2|
17211	12	2|
17212	12	2|
17213	12	2|
17214	12	2|
17215	12	2|
17216	12	2|
17217	12	2|
17218	12	2|
17219	12	2|
17220	12	2|
17221	12	2|
17222	12	2|
17223	12	2|
17224	12	2|
17225	12	2|
17226	12	2|
17227	12	2|
17228	12	2|
17229	12	2|
17230	12	2|
17231	12	2|
17232	12	2|
17233	12	2|
17234	12	2|
17235	12	2|
17236	12	2|
17237	12	2|
17176	12	2|
17178	12	2|
17180	12	2|
17182	12	2|
17184	12	2|
17186	12	2|
17238	12	2|
17239	12	2|
17240	12	2|
17241	12	2|
17242	12	2|
17243	12	2|
17244	12	2|
17245	12	2|
17246	12	2|
17248	12	2|
17249	12	2|
17250	12	2|
17251	12	2|
17252	12	2|
17253	12	2|
17254	12	2|
17255	12	2|
17256	12	2|
17257	12	2|
17258	12	2|
17259	12	2|
17260	12	2|
17261	12	2|
17262	12	2|
17263	12	2|
17264	12	2|
17265	12	2|
17266	12	2|
17267	12	2|
17268	12	2|
17269	12	2|
17270	12	2|
17271	12	2|
17272	12	2|
17273	12	2|
17274	12	2|
17275	12	2|
17276	12	2|
17277	12	2|
17278	12	2|
17279	12	2|
17280	12	2|
17281	12	2|
17282	12	2|
17283	12	2|
17284	12	2|
17285	12	2|
17286	12	2|
17287	12	2|
17288	12	2|
17289	12	2|
17290	12	2|
17291	12	2|
17292	12	2|
17293	12	2|
17294	12	2|
17295	12	2|
17296	12	2|
17297	12	2|
17298	12	2|
17299	12	2|
17300	12	2|
17301	12	2|
17302	12	2|
17303	12	2|
17304	12	2|
17305	12	2|
17306	12	2|
17307	12	2|
17308	12	2|
17309	12	2|
17310	12	2|
17311	12	2|
17312	12	2|
17313	12	2|
14556	12	2|
15295	12	2|
15294	12	2|
15291	12	2|
15293	12	2|
15290	12	2|
15292	12	2|
15287	12	2|
15289	12	2|
15286	12	2|
15288	12	2|
15284	12	2|
15280	12	2|
15282	12	2|
14557	12	2|
15259	12	2|
15261	12	2|
15263	12	2|
15265	12	2|
15267	12	2|
15269	12	2|
15271	12	2|
15273	12	2|
15275	12	2|
15277	12	2|
15279	12	2|
15281	12	2|
15283	12	2|
15285	12	2|
14558	12	2|
15256	12	2|
15258	12	2|
15260	12	2|
15262	12	2|
15264	12	2|
15266	12	2|
15268	12	2|
15270	12	2|
15272	12	2|
15274	12	2|
15276	12	2|
15278	12	2|
14559	12	2|
15230	12	2|
15232	12	2|
15234	12	2|
15236	12	2|
15238	12	2|
15240	12	2|
15242	12	2|
15244	12	2|
15246	12	2|
15248	12	2|
15250	12	2|
15252	12	2|
15254	12	2|
14560	12	2|
15225	12	2|
15227	12	2|
15229	12	2|
15231	12	2|
15233	12	2|
15235	12	2|
15237	12	2|
15239	12	2|
15241	12	2|
15243	12	2|
15245	12	2|
15247	12	2|
15249	12	2|
15251	12	2|
15253	12	2|
15255	12	2|
15257	12	2|
14561	12	2|
15195	12	2|
15197	12	2|
15199	12	2|
15201	12	2|
15203	12	2|
15205	12	2|
15207	12	2|
15209	12	2|
15211	12	2|
15213	12	2|
15215	12	2|
15217	12	2|
15219	12	2|
15221	12	2|
15223	12	2|
14562	12	2|
15194	12	2|
15196	12	2|
15198	12	2|
15200	12	2|
15202	12	2|
15204	12	2|
15206	12	2|
15208	12	2|
15210	12	2|
15212	12	2|
15214	12	2|
15216	12	2|
15218	12	2|
15220	12	2|
15222	12	2|
15224	12	2|
15226	12	2|
15228	12	2|
14563	12	2|
15162	12	2|
15164	12	2|
15166	12	2|
15168	12	2|
15170	12	2|
15172	12	2|
15174	12	2|
15176	12	2|
15178	12	2|
15180	12	2|
15182	12	2|
15184	12	2|
15186	12	2|
15188	12	2|
15190	12	2|
14564	12	2|
15161	12	2|
15163	12	2|
15165	12	2|
15167	12	2|
15169	12	2|
15171	12	2|
15173	12	2|
15175	12	2|
15177	12	2|
15179	12	2|
15181	12	2|
15183	12	2|
15185	12	2|
15187	12	2|
15189	12	2|
15191	12	2|
15193	12	2|
14565	12	2|
15130	12	2|
15132	12	2|
15134	12	2|
15136	12	2|
15138	12	2|
15140	12	2|
15142	12	2|
15144	12	2|
15146	12	2|
15148	12	2|
15150	12	2|
15152	12	2|
15154	12	2|
15156	12	2|
15158	12	2|
15160	12	2|
14566	12	2|
15129	12	2|
15131	12	2|
15133	12	2|
15135	12	2|
15137	12	2|
15139	12	2|
15141	12	2|
15143	12	2|
15145	12	2|
15147	12	2|
15149	12	2|
15151	12	2|
15153	12	2|
15155	12	2|
15157	12	2|
15159	12	2|
14567	12	2|
15036	12	2|
15038	12	2|
15040	12	2|
15042	12	2|
15044	12	2|
15065	12	2|
15108	12	2|
15109	12	2|
15110	12	2|
15111	12	2|
15112	12	2|
15113	12	2|
15114	12	2|
15115	12	2|
15116	12	2|
15117	12	2|
15118	12	2|
15119	12	2|
15120	12	2|
15121	12	2|
15122	12	2|
15123	12	2|
15124	12	2|
15125	12	2|
15126	12	2|
15127	12	2|
15128	12	2|
14568	12	2|
14863	12	2|
14906	12	2|
14949	12	2|
14992	12	2|
15035	12	2|
15037	12	2|
15039	12	2|
15041	12	2|
15043	12	2|
15045	12	2|
15046	12	2|
15047	12	2|
15048	12	2|
15049	12	2|
15050	12	2|
15051	12	2|
15052	12	2|
15053	12	2|
15054	12	2|
15055	12	2|
15056	12	2|
15057	12	2|
15058	12	2|
15059	12	2|
15060	12	2|
15061	12	2|
15062	12	2|
15063	12	2|
15064	12	2|
15066	12	2|
15067	12	2|
15068	12	2|
15069	12	2|
15070	12	2|
15071	12	2|
15072	12	2|
15073	12	2|
15074	12	2|
15075	12	2|
15076	12	2|
15077	12	2|
15078	12	2|
15079	12	2|
15080	12	2|
15081	12	2|
15082	12	2|
15083	12	2|
15084	12	2|
15085	12	2|
15086	12	2|
15087	12	2|
15088	12	2|
15089	12	2|
15090	12	2|
15091	12	2|
15092	12	2|
15093	12	2|
15094	12	2|
15095	12	2|
15096	12	2|
15097	12	2|
15098	12	2|
15099	12	2|
15100	12	2|
15101	12	2|
15102	12	2|
15103	12	2|
15104	12	2|
15105	12	2|
15106	12	2|
15107	12	2|
14569	12	2|
14570	12	2|
14571	12	2|
14572	12	2|
14573	12	2|
14574	12	2|
14575	12	2|
14577	12	2|
14578	12	2|
14579	12	2|
14580	12	2|
14581	12	2|
14582	12	2|
14583	12	2|
14584	12	2|
14585	12	2|
14586	12	2|
14587	12	2|
14588	12	2|
14589	12	2|
14590	12	2|
14591	12	2|
14592	12	2|
14593	12	2|
14594	12	2|
14595	12	2|
14596	12	2|
14597	12	2|
14598	12	2|
14599	12	2|
14600	12	2|
14601	12	2|
14602	12	2|
14603	12	2|
14604	12	2|
14605	12	2|
14606	12	2|
14607	12	2|
14608	12	2|
14609	12	2|
14610	12	2|
14653	12	2|
14654	12	2|
14655	12	2|
14656	12	2|
14657	12	2|
14658	12	2|
14659	12	2|
14660	12	2|
14661	12	2|
14662	12	2|
14663	12	2|
14664	12	2|
14665	12	2|
14666	12	2|
14667	12	2|
14668	12	2|
14669	12	2|
14670	12	2|
14671	12	2|
14672	12	2|
14673	12	2|
14674	12	2|
14675	12	2|
14676	12	2|
14677	12	2|
14678	12	2|
14679	12	2|
14680	12	2|
14681	12	2|
14682	12	2|
14683	12	2|
14684	12	2|
14685	12	2|
14686	12	2|
14687	12	2|
14688	12	2|
14689	12	2|
14690	12	2|
14691	12	2|
14692	12	2|
14693	12	2|
14694	12	2|
14737	12	2|
14738	12	2|
14739	12	2|
14740	12	2|
14741	12	2|
14743	12	2|
14744	12	2|
14745	12	2|
14746	12	2|
14747	12	2|
14748	12	2|
14749	12	2|
14750	12	2|
14751	12	2|
14752	12	2|
14753	12	2|
14754	12	2|
14755	12	2|
14756	12	2|
14757	12	2|
14758	12	2|
14759	12	2|
14760	12	2|
14761	12	2|
14762	12	2|
14763	12	2|
14764	12	2|
14765	12	2|
14766	12	2|
14767	12	2|
14768	12	2|
14769	12	2|
14770	12	2|
14771	12	2|
14772	12	2|
14773	12	2|
14774	12	2|
14775	12	2|
14776	12	2|
14777	12	2|
14778	12	2|
14821	12	2|
14822	12	2|
14823	12	2|
14824	12	2|
14825	12	2|
14826	12	2|
14827	12	2|
14828	12	2|
14829	12	2|
14830	12	2|
14831	12	2|
14832	12	2|
14833	12	2|
14834	12	2|
14835	12	2|
14836	12	2|
14837	12	2|
14838	12	2|
14839	12	2|
14840	12	2|
14841	12	2|
14842	12	2|
14843	12	2|
14844	12	2|
14845	12	2|
14846	12	2|
14847	12	2|
14848	12	2|
14849	12	2|
14850	12	2|
14851	12	2|
14852	12	2|
14853	12	2|
14854	12	2|
14855	12	2|
14856	12	2|
14857	12	2|
14858	12	2|
14859	12	2|
14860	12	2|
14861	12	2|
14862	12	2|
14864	12	2|
14865	12	2|
14866	12	2|
14867	12	2|
14868	12	2|
14869	12	2|
14870	12	2|
14871	12	2|
14872	12	2|
14873	12	2|
14874	12	2|
14875	12	2|
14876	12	2|
14877	12	2|
14878	12	2|
14879	12	2|
14880	12	2|
14881	12	2|
14882	12	2|
14883	12	2|
14884	12	2|
14885	12	2|
14886	12	2|
14887	12	2|
14888	12	2|
14889	12	2|
14890	12	2|
14891	12	2|
14892	12	2|
14893	12	2|
14894	12	2|
14895	12	2|
14896	12	2|
14897	12	2|
14898	12	2|
14899	12	2|
14900	12	2|
14901	12	2|
14902	12	2|
14903	12	2|
14904	12	2|
14905	12	2|
14907	12	2|
14908	12	2|
14909	12	2|
14910	12	2|
14911	12	2|
14912	12	2|
14913	12	2|
14914	12	2|
14915	12	2|
14916	12	2|
14917	12	2|
14918	12	2|
14919	12	2|
14920	12	2|
14921	12	2|
14922	12	2|
14923	12	2|
14924	12	2|
14925	12	2|
14926	12	2|
14927	12	2|
14928	12	2|
14929	12	2|
14930	12	2|
14931	12	2|
14932	12	2|
14933	12	2|
14934	12	2|
14935	12	2|
14936	12	2|
14937	12	2|
14938	12	2|
14939	12	2|
14940	12	2|
14941	12	2|
14942	12	2|
14943	12	2|
14944	12	2|
14945	12	2|
14946	12	2|
14947	12	2|
14948	12	2|
14950	12	2|
14951	12	2|
14952	12	2|
14953	12	2|
14954	12	2|
14955	12	2|
14956	12	2|
14957	12	2|
14958	12	2|
14959	12	2|
14960	12	2|
14961	12	2|
14962	12	2|
14963	12	2|
14964	12	2|
14965	12	2|
14966	12	2|
14967	12	2|
14968	12	2|
14969	12	2|
14970	12	2|
14971	12	2|
14972	12	2|
14973	12	2|
14974	12	2|
14975	12	2|
15500	12	2|
15501	12	2|
15502	12	2|
15503	12	2|
15504	12	2|
15505	12	2|
15506	12	2|
15507	12	2|
15508	12	2|
15509	12	2|
15510	12	2|
15511	12	2|
15512	12	2|
15513	12	2|
15514	12	2|
15515	12	2|
15516	12	2|
15517	12	2|
15518	12	2|
15519	12	2|
15520	12	2|
15521	12	2|
15522	12	2|
15523	12	2|
15524	12	2|
15525	12	2|
15526	12	2|
15527	12	2|
15528	12	2|
15529	12	2|
15530	12	2|
15531	12	2|
15532	12	2|
15534	12	2|
15535	12	2|
15536	12	2|
15537	12	2|
15538	12	2|
15539	12	2|
15540	12	2|
15541	12	2|
15542	12	2|
15543	12	2|
15544	12	2|
15545	12	2|
15546	12	2|
15548	12	2|
15549	12	2|
15550	12	2|
15551	12	2|
15552	12	2|
15553	12	2|
15554	12	2|
15555	12	2|
15556	12	2|
15557	12	2|
15558	12	2|
15559	12	2|
15560	12	2|
15561	12	2|
15562	12	2|
15563	12	2|
15564	12	2|
15565	12	2|
15566	12	2|
15567	12	2|
15568	12	2|
15569	12	2|
15570	12	2|
15571	12	2|
15572	12	2|
15573	12	2|
15574	12	2|
15575	12	2|
15576	12	2|
15577	12	2|
15578	12	2|
15579	12	2|
15580	12	2|
15581	12	2|
15582	12	2|
15583	12	2|
15584	12	2|
15585	12	2|
15586	12	2|
15587	12	2|
15588	12	2|
15589	12	2|
15590	12	2|
15591	12	2|
15592	12	2|
15593	12	2|
15594	12	2|
15595	12	2|
15596	12	2|
15597	12	2|
15598	12	2|
15599	12	2|
15600	12	2|
15601	12	2|
15602	12	2|
15603	12	2|
15604	12	2|
15605	12	2|
15606	12	2|
15607	12	2|
15608	12	2|
15609	12	2|
15610	12	2|
15611	12	2|
15612	12	2|
15613	12	2|
15614	12	2|
15615	12	2|
15616	12	2|
15617	12	2|
15618	12	2|
15619	12	2|
15620	12	2|
15621	12	2|
15622	12	2|
15623	12	2|
15624	12	2|
15625	12	2|
15626	12	2|
15627	12	2|
15628	12	2|
15629	12	2|
15630	12	2|
15631	12	2|
15632	12	2|
15633	12	2|
15634	12	2|
15635	12	2|
15636	12	2|
15637	12	2|
15638	12	2|
15639	12	2|
15640	12	2|
15641	12	2|
15642	12	2|
15643	12	2|
15644	12	2|
15645	12	2|
15646	12	2|
15647	12	2|
15648	12	2|
15649	12	2|
15650	12	2|
15651	12	2|
15652	12	2|
15653	12	2|
15654	12	2|
15655	12	2|
15656	12	2|
15657	12	2|
15658	12	2|
15659	12	2|
15660	12	2|
15661	12	2|
15662	12	2|
15663	12	2|
15664	12	2|
15665	12	2|
15666	12	2|
15667	12	2|
15668	12	2|
15669	12	2|
15670	12	2|
15671	12	2|
15672	12	2|
15673	12	2|
15674	12	2|
15675	12	2|
15676	12	2|
15677	12	2|
15678	12	2|
15679	12	2|
15680	12	2|
15681	12	2|
15682	12	2|
15683	12	2|
15684	12	2|
15685	12	2|
15686	12	2|
15687	12	2|
15688	12	2|
15689	12	2|
15690	12	2|
15691	12	2|
15692	12	2|
15693	12	2|
15694	12	2|
15695	12	2|
15696	12	2|
15697	12	2|
15698	12	2|
15699	12	2|
15700	12	2|
15701	12	2|
15702	12	2|
15703	12	2|
15704	12	2|
15705	12	2|
15706	12	2|
15707	12	2|
15708	12	2|
15709	12	2|
15710	12	2|
15711	12	2|
15712	12	2|
15713	12	2|
15714	12	2|
15716	12	2|
15717	12	2|
15718	12	2|
15719	12	2|
15720	12	2|
15721	12	2|
15722	12	2|
15723	12	2|
15724	12	2|
15725	12	2|
15726	12	2|
15727	12	2|
15728	12	2|
15729	12	2|
15730	12	2|
15731	12	2|
15732	12	2|
15733	12	2|
15734	12	2|
15735	12	2|
15736	12	2|
15737	12	2|
15738	12	2|
15739	12	2|
15740	12	2|
15742	12	2|
15743	12	2|
15744	12	2|
15745	12	2|
15746	12	2|
15747	12	2|
15748	12	2|
15749	12	2|
15750	12	2|
15751	12	2|
15752	12	2|
15753	12	2|
15754	12	2|
15755	12	2|
15756	12	2|
15757	12	2|
15758	12	2|
15759	12	2|
15760	12	2|
15761	12	2|
15762	12	2|
15763	12	2|
15764	12	2|
15765	12	2|
15766	12	2|
15767	12	2|
15768	12	2|
15769	12	2|
15770	12	2|
15771	12	2|
15772	12	2|
15773	12	2|
15774	12	2|
15775	12	2|
15776	12	2|
15777	12	2|
15778	12	2|
15779	12	2|
15780	12	2|
15781	12	2|
15782	12	2|
15783	12	2|
15784	12	2|
15785	12	2|
15786	12	2|
15787	12	2|
15788	12	2|
15789	12	2|
15790	12	2|
15791	12	2|
15792	12	2|
15793	12	2|
15794	12	2|
15795	12	2|
15796	12	2|
15797	12	2|
15798	12	2|
15799	12	2|
15800	12	2|
15801	12	2|
15802	12	2|
15803	12	2|
15804	12	2|
15805	12	2|
15806	12	2|
15807	12	2|
15808	12	2|
15809	12	2|
15810	12	2|
15811	12	2|
15812	12	2|
15813	12	2|
15814	12	2|
15815	12	2|
15816	12	2|
15817	12	2|
15818	12	2|
15819	12	2|
15820	12	2|
15821	12	2|
15822	12	2|
15823	12	2|
15824	12	2|
15825	12	2|
15826	12	2|
15827	12	2|
15828	12	2|
15829	12	2|
15830	12	2|
15831	12	2|
15832	12	2|
15833	12	2|
15834	12	2|
15835	12	2|
15836	12	2|
15837	12	2|
15838	12	2|
15839	12	2|
15840	12	2|
15841	12	2|
15842	12	2|
15843	12	2|
15844	12	2|
15845	12	2|
15846	12	2|
15847	12	2|
15848	12	2|
15849	12	2|
15850	12	2|
15851	12	2|
15852	12	2|
15853	12	2|
15854	12	2|
15855	12	2|
15856	12	2|
15857	12	2|
15858	12	2|
15859	12	2|
15860	12	2|
15861	12	2|
15862	12	2|
15863	12	2|
15864	12	2|
15865	12	2|
15866	12	2|
15867	12	2|
15868	12	2|
15869	12	2|
15870	12	2|
15871	12	2|
15872	12	2|
15873	12	2|
15874	12	2|
15875	12	2|
15876	12	2|
15877	12	2|
15878	12	2|
15879	12	2|
15880	12	2|
15881	12	2|
15882	12	2|
15883	12	2|
15884	12	2|
15885	12	2|
15886	12	2|
15887	12	2|
15888	12	2|
15889	12	2|
15890	12	2|
15891	12	2|
15892	12	2|
15893	12	2|
15894	12	2|
15895	12	2|
15896	12	2|
15897	12	2|
15898	12	2|
15899	12	2|
15901	12	2|
15902	12	2|
15903	12	2|
15904	12	2|
15905	12	2|
15906	12	2|
15907	12	2|
15908	12	2|
15909	12	2|
15910	12	2|
15911	12	2|
15912	12	2|
15913	12	2|
15914	12	2|
15915	12	2|
15916	12	2|
15917	12	2|
15918	12	2|
15919	12	2|
15920	12	2|
15921	12	2|
15922	12	2|
15923	12	2|
15924	12	2|
15925	12	2|
15926	12	2|
15927	12	2|
15928	12	2|
15929	12	2|
15930	12	2|
15931	12	2|
15932	12	2|
15933	12	2|
15934	12	2|
15935	12	2|
15936	12	2|
15937	12	2|
15938	12	2|
15939	12	2|
15940	12	2|
15941	12	2|
15942	12	2|
15943	12	2|
15944	12	2|
15945	12	2|
15946	12	2|
15947	12	2|
15948	12	2|
15949	12	2|
15950	12	2|
15951	12	2|
15952	12	2|
15953	12	2|
15954	12	2|
15955	12	2|
15956	12	2|
15957	12	2|
15958	12	2|
15959	12	2|
15960	12	2|
15961	12	2|
15962	12	2|
15963	12	2|
15964	12	2|
15965	12	2|
15966	12	2|
15967	12	2|
15968	12	2|
15969	12	2|
15970	12	2|
15971	12	2|
15972	12	2|
15973	12	2|
15974	12	2|
15975	12	2|
15976	12	2|
15977	12	2|
15978	12	2|
15979	12	2|
15980	12	2|
15981	12	2|
15982	12	2|
15983	12	2|
15984	12	2|
15985	12	2|
15986	12	2|
15987	12	2|
15988	12	2|
15989	12	2|
15990	12	2|
15991	12	2|
15992	12	2|
15993	12	2|
15994	12	2|
8006	14	14|
15533	14	14|
16041	14	14|
7160	14	13|
7382	14	13|
14648	14	13|
6992	14	12|
7646	14	12|
7679	14	12|
7858	14	12|
7939	14	12|
14922	14	12|
15922	14	12|
16664	14	12|
17173	14	12|
17240	14	12|
17314	14	12|
17338	14	12|
17340	14	12|
6988	14	11|
7563	14	11|
15053	14	11|
16553	14	11|
17332	14	11|
7003	14	10|
7162	14	10|
7870	14	10|
7934	14	10|
7981	14	10|
14742	14	10|
15166	14	10|
15694	14	10|
16187	14	10|
17335	14	10|
17336	14	10|
6975	14	9|
6986	14	9|
6989	14	9|
6999	14	9|
7844	14	9|
7875	14	9|
7938	14	9|
7948	14	9|
7988	14	9|
15344	14	9|
16338	14	9|
16495	14	9|
16525	14	9|
16581	14	9|
17194	14	9|
17333	14	9|
6973	14	8|
6977	14	8|
6983	14	8|
6990	14	8|
6996	14	8|
7000	14	8|
7860	14	8|
7933	14	8|
7943	14	8|
7964	14	8|
6964	14	7|
7859	14	7|
7947	14	7|
14796	14	7|
16236	14	7|
16400	14	7|
17334	14	7|
6896	14	6|
6971	14	6|
7944	14	6|
15058	14	6|
15688	14	6|
16579	14	6|
6966	14	5|
6972	14	5|
7782	14	5|
7861	14	5|
7941	14	4|
16303	14	4|
16564	14	4|
14648	15	12|
7858	15	11|
15741	15	11|
17178	15	11|
7382	15	10|
8006	15	10|
17174	15	10|
7073	15	9|
7160	15	9|
7860	15	9|
7988	15	9|
16664	15	9|
17336	15	9|
7119	15	8|
7558	15	8|
7859	15	8|
14599	15	8|
15192	15	8|
16338	15	8|
17330	15	8|
6985	15	7|
6988	15	7|
7102	15	7|
14922	15	7|
15523	15	7|
16025	15	7|
16400	15	7|
17084	15	7|
17333	15	7|
17339	15	7|
6990	15	6|
7087	15	6|
7979	15	6|
15922	15	6|
17338	15	6|
7861	15	5|
16579	15	5|
7065	15	4|
7085	15	2|
17331	16	13|
15523	16	12|
6988	16	11|
7434	16	11|
6989	16	10|
14648	16	10|
17084	16	10|
6986	16	9|
7988	16	9|
7160	17	14|
7835	17	14|
15533	17	14|
17331	17	13|
17084	17	12|
7858	17	11|
7065	17	10|
16338	17	10|
6964	17	8|
6990	17	8|
7894	17	8|
7121	17	6|
15192	17	6|
16159	17	6|
16236	17	4|
7085	18	11|
7695	18	10|
16249	18	10|
15533	18	9|
6975	18	8|
15192	18	8|
7078	18	7|
17340	18	6|
17084	18	5|
16236	18	3|
17736	28	3|
17511	28	1|
17514	28	2|
17658	28	3|
17473	28	2|
17512	28	2|
17919	28	1|
17737	28	3|
17660	28	3|
17654	28	3|
17482	28	3|
17656	28	3|
17761	28	3|
17520	28	3|
17730	28	3|
17655	28	3|
17661	28	3|
17649	28	3|
17734	28	3|
17924	28	2|
17493	28	2|
17922	28	1|
17516	28	0|
17474	28	1|
17515	28	2|
17494	28	1|
17519	28	3|
17521	28	3|
17923	28	1|
17501	28	1|
17731	28	3|
17659	28	3|
17662	28	3|
17735	28	3|
17513	28	1|
17733	28	3|
17504	28	2|
17508	28	2|
17763	28	2|
17593	28	3|
17508	29	3|
17877	29	3|
17880	29	3|
17886	29	3|
17891	29	3|
17874	29	3|
17875	29	2|
17876	29	2|
17514	29	2|
17501	29	2|
17660	29	2|
17661	29	2|
17662	29	2|
17655	29	2|
17659	29	1|
17862	29	1|
17842	29	1|
17855	29	1|
17654	29	1|
17515	29	1|
17510	29	1|
17512	29	1|
17513	29	1|
17920	29	1|
17922	29	1|
17923	29	1|
17924	29	1|
17921	29	0|
17919	29	0|
17511	29	0|
17516	29	0|
17860	29	0|
17656	29	0|
17658	29	0|
17830	30	3|
17840	30	3|
17841	30	3|
17842	30	3|
17659	30	2|
17660	30	2|
17513	30	2|
17514	30	2|
17501	30	2|
17860	30	2|
17862	30	2|
17864	30	2|
17875	30	2|
17891	30	2|
17922	30	2|
17924	30	2|
17932	30	1|
17934	30	1|
17923	30	1|
17772	30	1|
17921	30	1|
17919	30	1|
17880	30	1|
17886	30	1|
17511	30	1|
17655	30	1|
17656	30	1|
17515	30	1|
17516	30	1|
17661	30	1|
17662	30	1|
17855	30	1|
17857	30	1|
17763	30	0|
17654	30	0|
17658	30	0|
17512	30	0|
17920	30	0|
17876	30	0|
17908	31	2|
17516	31	1|
17763	31	1|
17921	31	1|
17924	31	1|
17932	31	1|
17842	31	1|
17847	31	1|
17848	31	0|
17855	31	0|
17860	31	0|
17876	31	0|
17891	31	0|
16327	12	2|
16328	12	2|
16329	12	2|
16330	12	2|
16331	12	2|
16332	12	2|
16333	12	2|
16334	12	2|
16335	12	2|
16336	12	2|
16337	12	2|
16339	12	2|
16340	12	2|
16341	12	2|
16342	12	2|
16343	12	2|
16344	12	2|
16345	12	2|
16346	12	2|
16347	12	2|
16348	12	2|
16349	12	2|
16350	12	2|
16351	12	2|
16352	12	2|
16353	12	2|
16354	12	2|
16355	12	2|
16356	12	2|
16357	12	2|
16358	12	2|
16359	12	2|
16360	12	2|
16361	12	2|
16362	12	2|
16363	12	2|
16364	12	2|
16365	12	2|
16366	12	2|
16367	12	2|
16368	12	2|
16369	12	2|
16370	12	2|
16371	12	2|
16372	12	2|
16373	12	2|
16374	12	2|
16375	12	2|
16376	12	2|
16377	12	2|
16378	12	2|
16379	12	2|
16380	12	2|
16381	12	2|
16382	12	2|
16383	12	2|
16384	12	2|
16385	12	2|
16386	12	2|
16387	12	2|
16388	12	2|
16389	12	2|
16390	12	2|
16391	12	2|
16392	12	2|
16393	12	2|
16394	12	2|
16395	12	2|
16396	12	2|
16397	12	2|
16398	12	2|
16399	12	2|
16400	12	2|
16401	12	2|
16402	12	2|
16403	12	2|
16404	12	2|
16405	12	2|
16406	12	2|
16407	12	2|
16408	12	2|
16409	12	2|
16410	12	2|
16411	12	2|
16412	12	2|
16413	12	2|
16414	12	2|
16415	12	2|
16416	12	2|
16417	12	2|
16418	12	2|
16419	12	2|
16420	12	2|
16421	12	2|
16422	12	2|
16423	12	2|
16424	12	2|
16425	12	2|
16426	12	2|
16427	12	2|
16428	12	2|
16429	12	2|
16430	12	2|
16431	12	2|
16432	12	2|
16433	12	2|
16434	12	2|
16435	12	2|
16436	12	2|
16437	12	2|
16438	12	2|
16439	12	2|
16440	12	2|
16441	12	2|
16442	12	2|
16443	12	2|
16444	12	2|
16445	12	2|
16446	12	2|
16447	12	2|
16448	12	2|
16449	12	2|
16450	12	2|
16451	12	2|
16452	12	2|
16453	12	2|
16454	12	2|
16455	12	2|
16456	12	2|
16457	12	2|
16458	12	2|
16459	12	2|
16460	12	2|
16461	12	2|
16462	12	2|
16463	12	2|
16464	12	2|
16465	12	2|
16466	12	2|
16467	12	2|
16468	12	2|
16469	12	2|
16470	12	2|
16471	12	2|
16472	12	2|
16473	12	2|
16474	12	2|
16475	12	2|
16476	12	2|
16477	12	2|
16478	12	2|
16479	12	2|
16480	12	2|
16481	12	2|
16482	12	2|
16483	12	2|
16484	12	2|
16485	12	2|
16486	12	2|
16487	12	2|
16488	12	2|
16489	12	2|
16490	12	2|
16491	12	2|
16492	12	2|
16493	12	2|
16494	12	2|
16496	12	2|
16497	12	2|
16498	12	2|
16499	12	2|
16500	12	2|
16501	12	2|
16502	12	2|
16503	12	2|
16504	12	2|
16505	12	2|
16506	12	2|
16507	12	2|
16508	12	2|
16509	12	2|
16510	12	2|
16511	12	2|
16512	12	2|
16513	12	2|
16514	12	2|
16515	12	2|
16516	12	2|
16517	12	2|
16518	12	2|
16519	12	2|
16520	12	2|
16521	12	2|
16522	12	2|
16523	12	2|
16524	12	2|
16526	12	2|
16527	12	2|
16528	12	2|
16529	12	2|
16530	12	2|
16531	12	2|
16532	12	2|
16533	12	2|
16534	12	2|
16535	12	2|
16536	12	2|
16537	12	2|
16538	12	2|
16539	12	2|
16540	12	2|
16541	12	2|
16542	12	2|
16543	12	2|
16544	12	2|
16545	12	2|
16546	12	2|
16547	12	2|
16548	12	2|
16549	12	2|
16550	12	2|
16551	12	2|
16552	12	2|
16553	12	2|
16554	12	2|
16555	12	2|
16556	12	2|
16557	12	2|
16558	12	2|
16559	12	2|
16560	12	2|
16561	12	2|
16562	12	2|
16563	12	2|
16564	12	2|
16565	12	2|
16566	12	2|
16567	12	2|
16568	12	2|
16569	12	2|
16570	12	2|
16571	12	2|
16572	12	2|
16573	12	2|
16574	12	2|
16575	12	2|
16576	12	2|
16577	12	2|
16578	12	2|
16579	12	2|
16580	12	2|
16581	12	2|
16582	12	2|
16583	12	2|
16584	12	2|
16585	12	2|
16586	12	2|
16587	12	2|
16588	12	2|
16589	12	2|
16590	12	2|
16591	12	2|
16592	12	2|
16593	12	2|
16594	12	2|
16595	12	2|
16596	12	2|
16597	12	2|
16598	12	2|
16599	12	2|
16600	12	2|
16601	12	2|
16602	12	2|
16603	12	2|
16604	12	2|
16605	12	2|
16606	12	2|
16607	12	2|
16608	12	2|
16610	12	2|
16611	12	2|
16612	12	2|
16613	12	2|
16614	12	2|
16615	12	2|
16616	12	2|
16617	12	2|
16618	12	2|
16619	12	2|
16620	12	2|
16621	12	2|
16622	12	2|
16623	12	2|
16624	12	2|
16625	12	2|
16626	12	2|
16627	12	2|
16628	12	2|
16629	12	2|
16630	12	2|
16631	12	2|
16632	12	2|
16633	12	2|
16634	12	2|
16635	12	2|
16636	12	2|
16637	12	2|
16638	12	2|
16639	12	2|
16640	12	2|
16641	12	2|
16642	12	2|
16643	12	2|
16644	12	2|
16645	12	2|
16646	12	2|
16647	12	2|
16648	12	2|
16649	12	2|
16650	12	2|
16651	12	2|
16652	12	2|
16653	12	2|
16654	12	2|
16655	12	2|
16656	12	2|
16657	12	2|
16658	12	2|
16659	12	2|
16661	12	2|
16662	12	2|
16663	12	2|
16664	12	2|
16665	12	2|
16666	12	2|
16667	12	2|
16668	12	2|
16669	12	2|
16670	12	2|
16671	12	2|
16672	12	2|
16673	12	2|
16674	12	2|
16675	12	2|
16676	12	2|
16677	12	2|
16678	12	2|
16679	12	2|
16680	12	2|
16681	12	2|
16682	12	2|
16683	12	2|
16684	12	2|
16685	12	2|
16686	12	2|
16687	12	2|
16688	12	2|
16689	12	2|
16690	12	2|
16691	12	2|
16692	12	2|
16693	12	2|
16694	12	2|
16695	12	2|
16696	12	2|
16697	12	2|
16698	12	2|
16699	12	2|
16700	12	2|
16701	12	2|
16702	12	2|
16703	12	2|
16704	12	2|
16705	12	2|
16706	12	2|
16707	12	2|
16708	12	2|
16709	12	2|
16710	12	2|
16711	12	2|
16712	12	2|
16713	12	2|
16714	12	2|
16715	12	2|
16716	12	2|
16717	12	2|
16718	12	2|
16719	12	2|
16720	12	2|
16721	12	2|
16722	12	2|
16723	12	2|
16724	12	2|
16725	12	2|
16726	12	2|
16727	12	2|
16728	12	2|
16729	12	2|
16730	12	2|
16731	12	2|
16732	12	2|
16733	12	2|
16734	12	2|
16735	12	2|
16736	12	2|
16738	12	2|
16806	12	2|
16879	12	2|
16949	12	2|
17020	12	2|
17091	12	2|
17162	12	2|
16739	12	2|
16740	12	2|
16741	12	2|
16742	12	2|
16743	12	2|
16744	12	2|
16745	12	2|
16746	12	2|
16747	12	2|
16748	12	2|
16749	12	2|
16750	12	2|
16751	12	2|
16752	12	2|
16753	12	2|
16754	12	2|
16755	12	2|
16756	12	2|
16757	12	2|
16758	12	2|
16759	12	2|
16760	12	2|
16761	12	2|
16762	12	2|
16763	12	2|
16764	12	2|
16765	12	2|
16766	12	2|
16767	12	2|
16768	12	2|
16769	12	2|
16770	12	2|
16771	12	2|
16772	12	2|
16773	12	2|
16774	12	2|
16775	12	2|
16776	12	2|
16777	12	2|
16778	12	2|
16779	12	2|
16780	12	2|
16781	12	2|
16782	12	2|
16783	12	2|
16784	12	2|
16785	12	2|
16786	12	2|
16787	12	2|
16788	12	2|
16789	12	2|
16790	12	2|
16791	12	2|
16792	12	2|
16793	12	2|
16794	12	2|
16795	12	2|
16796	12	2|
16797	12	2|
16798	12	2|
16799	12	2|
16800	12	2|
16801	12	2|
16802	12	2|
16803	12	2|
16804	12	2|
16805	12	2|
16807	12	2|
16808	12	2|
16809	12	2|
16810	12	2|
16811	12	2|
16812	12	2|
16813	12	2|
16814	12	2|
16815	12	2|
16816	12	2|
16817	12	2|
16818	12	2|
16819	12	2|
16820	12	2|
16821	12	2|
16822	12	2|
16823	12	2|
16824	12	2|
16825	12	2|
16826	12	2|
16827	12	2|
16828	12	2|
16829	12	2|
16830	12	2|
16831	12	2|
16832	12	2|
16833	12	2|
16834	12	2|
16835	12	2|
16836	12	2|
16837	12	2|
16838	12	2|
16839	12	2|
16840	12	2|
16841	12	2|
16842	12	2|
16843	12	2|
16844	12	2|
16845	12	2|
16846	12	2|
16847	12	2|
16848	12	2|
16849	12	2|
16850	12	2|
16851	12	2|
16852	12	2|
16853	12	2|
16854	12	2|
16855	12	2|
16856	12	2|
16857	12	2|
16858	12	2|
16859	12	2|
16860	12	2|
16861	12	2|
16862	12	2|
16863	12	2|
16864	12	2|
16865	12	2|
16866	12	2|
16867	12	2|
16868	12	2|
16869	12	2|
16870	12	2|
16871	12	2|
16872	12	2|
16873	12	2|
16874	12	2|
16875	12	2|
16876	12	2|
16877	12	2|
16878	12	2|
16880	12	2|
16881	12	2|
16882	12	2|
16883	12	2|
16884	12	2|
16885	12	2|
16886	12	2|
16887	12	2|
16888	12	2|
16889	12	2|
16890	12	2|
16891	12	2|
16892	12	2|
16893	12	2|
16894	12	2|
16895	12	2|
16896	12	2|
16897	12	2|
16898	12	2|
16899	12	2|
16900	12	2|
16901	12	2|
16902	12	2|
16903	12	2|
16904	12	2|
16905	12	2|
16906	12	2|
16907	12	2|
16908	12	2|
16909	12	2|
16910	12	2|
16911	12	2|
16912	12	2|
16913	12	2|
16914	12	2|
16915	12	2|
16916	12	2|
16917	12	2|
16918	12	2|
16919	12	2|
16920	12	2|
16921	12	2|
16922	12	2|
16923	12	2|
16924	12	2|
16925	12	2|
16926	12	2|
16927	12	2|
16928	12	2|
16929	12	2|
16930	12	2|
16931	12	2|
16932	12	2|
16933	12	2|
16934	12	2|
16935	12	2|
16936	12	2|
16937	12	2|
16938	12	2|
16939	12	2|
16940	12	2|
16941	12	2|
16942	12	2|
16943	12	2|
16944	12	2|
16945	12	2|
16946	12	2|
16947	12	2|
16948	12	2|
16950	12	2|
16951	12	2|
16952	12	2|
16953	12	2|
16954	12	2|
16955	12	2|
16956	12	2|
16957	12	2|
16958	12	2|
16960	12	2|
16961	12	2|
16962	12	2|
16963	12	2|
16964	12	2|
16965	12	2|
16966	12	2|
16967	12	2|
16968	12	2|
16969	12	2|
16970	12	2|
16971	12	2|
16972	12	2|
16973	12	2|
16974	12	2|
16975	12	2|
16976	12	2|
16977	12	2|
16978	12	2|
16979	12	2|
16980	12	2|
16981	12	2|
16982	12	2|
16983	12	2|
16984	12	2|
16985	12	2|
16986	12	2|
16987	12	2|
16988	12	2|
16989	12	2|
16990	12	2|
16991	12	2|
16992	12	2|
16993	12	2|
16994	12	2|
16995	12	2|
16996	12	2|
16997	12	2|
16998	12	2|
16999	12	2|
17000	12	2|
17001	12	2|
17002	12	2|
17003	12	2|
17004	12	2|
17005	12	2|
17006	12	2|
17007	12	2|
17008	12	2|
17009	12	2|
17010	12	2|
17011	12	2|
17012	12	2|
17013	12	2|
17014	12	2|
17015	12	2|
17016	12	2|
17017	12	2|
17018	12	2|
17019	12	2|
17021	12	2|
17022	12	2|
17023	12	2|
17024	12	2|
17025	12	2|
17026	12	2|
17027	12	2|
17028	12	2|
17029	12	2|
17030	12	2|
17031	12	2|
17032	12	2|
17033	12	2|
17034	12	2|
17035	12	2|
17036	12	2|
17037	12	2|
17038	12	2|
17039	12	2|
17040	12	2|
17041	12	2|
17042	12	2|
17043	12	2|
17044	12	2|
17045	12	2|
17046	12	2|
17047	12	2|
17048	12	2|
17049	12	2|
17050	12	2|
17051	12	2|
17052	12	2|
17053	12	2|
17054	12	2|
17055	12	2|
17056	12	2|
17057	12	2|
17058	12	2|
17059	12	2|
17060	12	2|
17061	12	2|
17062	12	2|
17063	12	2|
17064	12	2|
17065	12	2|
17066	12	2|
17067	12	2|
17068	12	2|
17069	12	2|
17070	12	2|
17071	12	2|
17072	12	2|
17073	12	2|
17074	12	2|
17075	12	2|
17076	12	2|
17077	12	2|
17078	12	2|
17079	12	2|
17080	12	2|
17081	12	2|
17082	12	2|
17083	12	2|
17084	12	2|
17085	12	2|
17086	12	2|
17087	12	2|
17088	12	2|
17089	12	2|
17090	12	2|
17092	12	2|
17093	12	2|
17094	12	2|
17095	12	2|
17096	12	2|
17097	12	2|
17098	12	2|
17099	12	2|
17100	12	2|
17101	12	2|
17102	12	2|
7424	12	2|
7427	12	2|
7429	12	2|
7431	12	2|
7433	12	2|
7436	12	2|
7440	12	2|
7442	12	2|
7444	12	2|
7446	12	2|
7449	12	2|
7451	12	2|
7454	12	2|
7456	12	2|
7459	12	2|
7461	12	2|
7463	12	2|
7472	12	2|
7474	12	2|
7476	12	2|
7479	12	2|
7480	12	2|
7481	12	2|
7482	12	2|
7483	12	2|
7484	12	2|
7485	12	2|
7486	12	2|
7487	12	2|
7488	12	2|
7489	12	2|
7491	12	2|
7492	12	2|
7495	12	2|
7496	12	2|
7497	12	2|
7498	12	2|
7499	12	2|
7500	12	2|
7501	12	2|
7502	12	2|
7503	12	2|
7504	12	2|
7505	12	2|
7506	12	2|
7507	12	2|
7508	12	2|
7509	12	2|
7510	12	2|
7511	12	2|
7512	12	2|
7513	12	2|
7514	12	2|
7515	12	2|
7516	12	2|
7517	12	2|
7518	12	2|
7519	12	2|
7520	12	2|
7521	12	2|
7522	12	2|
7523	12	2|
7524	12	2|
7526	12	2|
7527	12	2|
7528	12	2|
7529	12	2|
7530	12	2|
7531	12	2|
7532	12	2|
7533	12	2|
7534	12	2|
7535	12	2|
7536	12	2|
7537	12	2|
7538	12	2|
7539	12	2|
7540	12	2|
7541	12	2|
7542	12	2|
7543	12	2|
7544	12	2|
7545	12	2|
7546	12	2|
7547	12	2|
7548	12	2|
7549	12	2|
7550	12	2|
7551	12	2|
7552	12	2|
7563	12	2|
7564	12	2|
7565	12	2|
7566	12	2|
7569	12	2|
7570	12	2|
7572	12	2|
7575	12	2|
7576	12	2|
7577	12	2|
7578	12	2|
7579	12	2|
7580	12	2|
7581	12	2|
7582	12	2|
7583	12	2|
7584	12	2|
7585	12	2|
7586	12	2|
7587	12	2|
7589	12	2|
7590	12	2|
7591	12	2|
7592	12	2|
7593	12	2|
7594	12	2|
7595	12	2|
7596	12	2|
7597	12	2|
7598	12	2|
7599	12	2|
7600	12	2|
7601	12	2|
7602	12	2|
7603	12	2|
7604	12	2|
7605	12	2|
7606	12	2|
7608	12	2|
7610	12	2|
7611	12	2|
7612	12	2|
7613	12	2|
7614	12	2|
7616	12	2|
7617	12	2|
7618	12	2|
7619	12	2|
7620	12	2|
7622	12	2|
7623	12	2|
7624	12	2|
7625	12	2|
7627	12	2|
7628	12	2|
7629	12	2|
7630	12	2|
7631	12	2|
7633	12	2|
7634	12	2|
7635	12	2|
7636	12	2|
7637	12	2|
7638	12	2|
7639	12	2|
7640	12	2|
7641	12	2|
7643	12	2|
7644	12	2|
7645	12	2|
7646	12	2|
7647	12	2|
7648	12	2|
7649	12	2|
7650	12	2|
7651	12	2|
7652	12	2|
7653	12	2|
7654	12	2|
7655	12	2|
7656	12	2|
7657	12	2|
7658	12	2|
7659	12	2|
7660	12	2|
7661	12	2|
7662	12	2|
7664	12	2|
7665	12	2|
7666	12	2|
7667	12	2|
7668	12	2|
7669	12	2|
7670	12	2|
7671	12	2|
7672	12	2|
7674	12	2|
7675	12	2|
7676	12	2|
7677	12	2|
7678	12	2|
7679	12	2|
7680	12	2|
7681	12	2|
7682	12	2|
7683	12	2|
7684	12	2|
7686	12	2|
7687	12	2|
7688	12	2|
7689	12	2|
7690	12	2|
7691	12	2|
7692	12	2|
7693	12	2|
7694	12	2|
7695	12	2|
7696	12	2|
7697	12	2|
7698	12	2|
7699	12	2|
7700	12	2|
7703	12	2|
7704	12	2|
7705	12	2|
7707	12	2|
7709	12	2|
7711	12	2|
7713	12	2|
7715	12	2|
7716	12	2|
7717	12	2|
7718	12	2|
7719	12	2|
7720	12	2|
7721	12	2|
7722	12	2|
7723	12	2|
7724	12	2|
7725	12	2|
7726	12	2|
7727	12	2|
7728	12	2|
7729	12	2|
7730	12	2|
7731	12	2|
7732	12	2|
7733	12	2|
7735	12	2|
7736	12	2|
7737	12	2|
7738	12	2|
7739	12	2|
7740	12	2|
7741	12	2|
7743	12	2|
7745	12	2|
7746	12	2|
7747	12	2|
7748	12	2|
7749	12	2|
7750	12	2|
7751	12	2|
7752	12	2|
7753	12	2|
7754	12	2|
7755	12	2|
7756	12	2|
7757	12	2|
7758	12	2|
7759	12	2|
7760	12	2|
7761	12	2|
7763	12	2|
7764	12	2|
7765	12	2|
7766	12	2|
7767	12	2|
7768	12	2|
7769	12	2|
7770	12	2|
7771	12	2|
7772	12	2|
7773	12	2|
7774	12	2|
7775	12	2|
7776	12	2|
7777	12	2|
7778	12	2|
7779	12	2|
7780	12	2|
7781	12	2|
7783	12	2|
7786	12	2|
7787	12	2|
7788	12	2|
7789	12	2|
7790	12	2|
7791	12	2|
7794	12	2|
7795	12	2|
7796	12	2|
7797	12	2|
7798	12	2|
7799	12	2|
7800	12	2|
7801	12	2|
7802	12	2|
7803	12	2|
7804	12	2|
7805	12	2|
7806	12	2|
7807	12	2|
7809	12	2|
7810	12	2|
7811	12	2|
7812	12	2|
7813	12	2|
7814	12	2|
7815	12	2|
7816	12	2|
7817	12	2|
7818	12	2|
7819	12	2|
7820	12	2|
7821	12	2|
7822	12	2|
7823	12	2|
7825	12	2|
7826	12	2|
7829	12	2|
7831	12	2|
7833	12	2|
7834	12	2|
7835	12	2|
7836	12	2|
7837	12	2|
7838	12	2|
7839	12	2|
7840	12	2|
7843	12	2|
7844	12	2|
7845	12	2|
7846	12	2|
7847	12	2|
7848	12	2|
7849	12	2|
7850	12	2|
7851	12	2|
7852	12	2|
7853	12	2|
7855	12	2|
7857	12	2|
7862	12	2|
7863	12	2|
7866	12	2|
7867	12	2|
7868	12	2|
7870	12	2|
7872	12	2|
7873	12	2|
7874	12	2|
7875	12	2|
7876	12	2|
7877	12	2|
7879	12	2|
7881	12	2|
7882	12	2|
7883	12	2|
7884	12	2|
7885	12	2|
7886	12	2|
7889	12	2|
7890	12	2|
7891	12	2|
7892	12	2|
7893	12	2|
7894	12	2|
7895	12	2|
7896	12	2|
7897	12	2|
7898	12	2|
7899	12	2|
7900	12	2|
7901	12	2|
7902	12	2|
7903	12	2|
7904	12	2|
7905	12	2|
7906	12	2|
7907	12	2|
7908	12	2|
7909	12	2|
7910	12	2|
7911	12	2|
14976	12	2|
14977	12	2|
14978	12	2|
14979	12	2|
14980	12	2|
14981	12	2|
14982	12	2|
14983	12	2|
14984	12	2|
14985	12	2|
14986	12	2|
14987	12	2|
14988	12	2|
14989	12	2|
14990	12	2|
14991	12	2|
14993	12	2|
14994	12	2|
14995	12	2|
14996	12	2|
14997	12	2|
14998	12	2|
14999	12	2|
15000	12	2|
15001	12	2|
15002	12	2|
15003	12	2|
15004	12	2|
15005	12	2|
15006	12	2|
15007	12	2|
15008	12	2|
15009	12	2|
15010	12	2|
15011	12	2|
15012	12	2|
15013	12	2|
15014	12	2|
15015	12	2|
15016	12	2|
15017	12	2|
15018	12	2|
15019	12	2|
15020	12	2|
15021	12	2|
15022	12	2|
15023	12	2|
15024	12	2|
15025	12	2|
15026	12	2|
15027	12	2|
15028	12	2|
15029	12	2|
15030	12	2|
15031	12	2|
15032	12	2|
15033	12	2|
15034	12	2|
14611	12	2|
14612	12	2|
14613	12	2|
14614	12	2|
14615	12	2|
14616	12	2|
14617	12	2|
14618	12	2|
14619	12	2|
14620	12	2|
14621	12	2|
14622	12	2|
14623	12	2|
14624	12	2|
14625	12	2|
14626	12	2|
14627	12	2|
14628	12	2|
14629	12	2|
14630	12	2|
14631	12	2|
14632	12	2|
14633	12	2|
14635	12	2|
14636	12	2|
14637	12	2|
14638	12	2|
14639	12	2|
14640	12	2|
14641	12	2|
14642	12	2|
14643	12	2|
14644	12	2|
14645	12	2|
14646	12	2|
14647	12	2|
14648	12	2|
14649	12	2|
14650	12	2|
14651	12	2|
14652	12	2|
14695	12	2|
14696	12	2|
14697	12	2|
14698	12	2|
14699	12	2|
14700	12	2|
14701	12	2|
14702	12	2|
14703	12	2|
14704	12	2|
14705	12	2|
14706	12	2|
14707	12	2|
14708	12	2|
14709	12	2|
14710	12	2|
14711	12	2|
14712	12	2|
14713	12	2|
14714	12	2|
14715	12	2|
14716	12	2|
14717	12	2|
14718	12	2|
14719	12	2|
14720	12	2|
14721	12	2|
14722	12	2|
14723	12	2|
14724	12	2|
14725	12	2|
14726	12	2|
14727	12	2|
14728	12	2|
14729	12	2|
14730	12	2|
14731	12	2|
14732	12	2|
14733	12	2|
14734	12	2|
14735	12	2|
14736	12	2|
14779	12	2|
14780	12	2|
14781	12	2|
14782	12	2|
14783	12	2|
14784	12	2|
14785	12	2|
14786	12	2|
14787	12	2|
14788	12	2|
14789	12	2|
14790	12	2|
14791	12	2|
14792	12	2|
14793	12	2|
14794	12	2|
14795	12	2|
14797	12	2|
14798	12	2|
14799	12	2|
14800	12	2|
14801	12	2|
14802	12	2|
14803	12	2|
14804	12	2|
14805	12	2|
14806	12	2|
14807	12	2|
14808	12	2|
14809	12	2|
14810	12	2|
14811	12	2|
14812	12	2|
14813	12	2|
14814	12	2|
14815	12	2|
14816	12	2|
14817	12	2|
14818	12	2|
14819	12	2|
14820	12	2|
15296	12	2|
15297	12	2|
15298	12	2|
15299	12	2|
15300	12	2|
15301	12	2|
15302	12	2|
15303	12	2|
15304	12	2|
15305	12	2|
15306	12	2|
15307	12	2|
15308	12	2|
15309	12	2|
15310	12	2|
15311	12	2|
15312	12	2|
15313	12	2|
15314	12	2|
15315	12	2|
15316	12	2|
15317	12	2|
15318	12	2|
15319	12	2|
15320	12	2|
15321	12	2|
15322	12	2|
15323	12	2|
15324	12	2|
15325	12	2|
15326	12	2|
15327	12	2|
15328	12	2|
15329	12	2|
15330	12	2|
15331	12	2|
15332	12	2|
15333	12	2|
15334	12	2|
15335	12	2|
15336	12	2|
15337	12	2|
15338	12	2|
15339	12	2|
15340	12	2|
15341	12	2|
15342	12	2|
15343	12	2|
15344	12	2|
15345	12	2|
15346	12	2|
15347	12	2|
15348	12	2|
15350	12	2|
15351	12	2|
15352	12	2|
15353	12	2|
15354	12	2|
15355	12	2|
15356	12	2|
15357	12	2|
15358	12	2|
15359	12	2|
15360	12	2|
15361	12	2|
15362	12	2|
15363	12	2|
15364	12	2|
15365	12	2|
15366	12	2|
15367	12	2|
15368	12	2|
15369	12	2|
15370	12	2|
15371	12	2|
15372	12	2|
15373	12	2|
15374	12	2|
15375	12	2|
15376	12	2|
15377	12	2|
15378	12	2|
15379	12	2|
15380	12	2|
15381	12	2|
15382	12	2|
15383	12	2|
15384	12	2|
15385	12	2|
15386	12	2|
15387	12	2|
15388	12	2|
15389	12	2|
15390	12	2|
15391	12	2|
15392	12	2|
15393	12	2|
15394	12	2|
15395	12	2|
15396	12	2|
15397	12	2|
15398	12	2|
15399	12	2|
15400	12	2|
15401	12	2|
15402	12	2|
15403	12	2|
15404	12	2|
15405	12	2|
15406	12	2|
15407	12	2|
15408	12	2|
15409	12	2|
15410	12	2|
15411	12	2|
15412	12	2|
15413	12	2|
15414	12	2|
15415	12	2|
15416	12	2|
15417	12	2|
15418	12	2|
15419	12	2|
15420	12	2|
15421	12	2|
15422	12	2|
15423	12	2|
15424	12	2|
15425	12	2|
15426	12	2|
15427	12	2|
15428	12	2|
15429	12	2|
15430	12	2|
15431	12	2|
15432	12	2|
15433	12	2|
15434	12	2|
15435	12	2|
15436	12	2|
15437	12	2|
15438	12	2|
15439	12	2|
15440	12	2|
15441	12	2|
15442	12	2|
15443	12	2|
15444	12	2|
15445	12	2|
15446	12	2|
15447	12	2|
15448	12	2|
15449	12	2|
15450	12	2|
15451	12	2|
15452	12	2|
15453	12	2|
15454	12	2|
15455	12	2|
15456	12	2|
15457	12	2|
15458	12	2|
15459	12	2|
15460	12	2|
15461	12	2|
15462	12	2|
15463	12	2|
15464	12	2|
15465	12	2|
15466	12	2|
15467	12	2|
15468	12	2|
15469	12	2|
15470	12	2|
15471	12	2|
15472	12	2|
15473	12	2|
15474	12	2|
15475	12	2|
15476	12	2|
15477	12	2|
15478	12	2|
15479	12	2|
15480	12	2|
15481	12	2|
15482	12	2|
15483	12	2|
15484	12	2|
15485	12	2|
15486	12	2|
15487	12	2|
15488	12	2|
15489	12	2|
15490	12	2|
15491	12	2|
15492	12	2|
15493	12	2|
15494	12	2|
15495	12	2|
15496	12	2|
15497	12	2|
15498	12	2|
15499	12	2|
17495	31	0|
17512	31	0|
17513	31	0|
17514	31	0|
17515	31	0|
17922	31	0|
17837	31	0|
17919	31	0|
17920	31	0|
17851	31	3|
17508	32	3|
17495	32	3|
17501	32	3|
17763	32	0|
17855	32	1|
17860	32	1|
17862	32	3|
17511	32	2|
17512	32	2|
17514	32	2|
17919	32	0|
17921	32	0|
17513	32	1|
17515	32	2|
17516	32	1|
17920	32	1|
17922	32	1|
17923	32	1|
17924	32	1|
17908	32	2|
17495	33	2|
17501	33	3|
17508	33	2|
17764	33	1|
17819	33	2|
17821	33	3|
17830	33	2|
17840	33	2|
17841	33	2|
17844	33	3|
17847	33	0|
17855	33	0|
17856	33	0|
17857	33	0|
17860	33	1|
17862	33	1|
17511	33	2|
17512	33	0|
17513	33	0|
17514	33	0|
17919	33	1|
17921	33	2|
17922	33	0|
17923	33	1|
17924	33	1|
17515	33	0|
17516	33	1|
17920	33	1|
15995	12	2|
15996	12	2|
15997	12	2|
15998	12	2|
15999	12	2|
16000	12	2|
16001	12	2|
16002	12	2|
16003	12	2|
16004	12	2|
16005	12	2|
16006	12	2|
16007	12	2|
16008	12	2|
16009	12	2|
16010	12	2|
16011	12	2|
16012	12	2|
16013	12	2|
16014	12	2|
16015	12	2|
16016	12	2|
16017	12	2|
16018	12	2|
16019	12	2|
16020	12	2|
16021	12	2|
16022	12	2|
16023	12	2|
16024	12	2|
16026	12	2|
16027	12	2|
16028	12	2|
16029	12	2|
16030	12	2|
16031	12	2|
16032	12	2|
16033	12	2|
16034	12	2|
16035	12	2|
16036	12	2|
16037	12	2|
16038	12	2|
16039	12	2|
16040	12	2|
16042	12	2|
16043	12	2|
16044	12	2|
16045	12	2|
16046	12	2|
16047	12	2|
16048	12	2|
16049	12	2|
16050	12	2|
16051	12	2|
16052	12	2|
16053	12	2|
16054	12	2|
16055	12	2|
16056	12	2|
16057	12	2|
16058	12	2|
16059	12	2|
16060	12	2|
16061	12	2|
16062	12	2|
16063	12	2|
16064	12	2|
16065	12	2|
16066	12	2|
16067	12	2|
16068	12	2|
16070	12	2|
16071	12	2|
16072	12	2|
16073	12	2|
16074	12	2|
16075	12	2|
16076	12	2|
16077	12	2|
16078	12	2|
16079	12	2|
16080	12	2|
16081	12	2|
16082	12	2|
16083	12	2|
16084	12	2|
16085	12	2|
16086	12	2|
16087	12	2|
16088	12	2|
16089	12	2|
16090	12	2|
16091	12	2|
16092	12	2|
16093	12	2|
16094	12	2|
16095	12	2|
16096	12	2|
16097	12	2|
16098	12	2|
16099	12	2|
16100	12	2|
16101	12	2|
16102	12	2|
16103	12	2|
16104	12	2|
16105	12	2|
16106	12	2|
16107	12	2|
16108	12	2|
16109	12	2|
16110	12	2|
16111	12	2|
16112	12	2|
16113	12	2|
16114	12	2|
16115	12	2|
16116	12	2|
16117	12	2|
16118	12	2|
16119	12	2|
16120	12	2|
16121	12	2|
16122	12	2|
16123	12	2|
16124	12	2|
16125	12	2|
16126	12	2|
16127	12	2|
16128	12	2|
16129	12	2|
16130	12	2|
16131	12	2|
16132	12	2|
16133	12	2|
16134	12	2|
16135	12	2|
16136	12	2|
16137	12	2|
16138	12	2|
16139	12	2|
16140	12	2|
16141	12	2|
16142	12	2|
16143	12	2|
16144	12	2|
16145	12	2|
16146	12	2|
16147	12	2|
16148	12	2|
16149	12	2|
16150	12	2|
16151	12	2|
16152	12	2|
16153	12	2|
16154	12	2|
16155	12	2|
16156	12	2|
16157	12	2|
16158	12	2|
16159	12	2|
16160	12	2|
16161	12	2|
16162	12	2|
16163	12	2|
16164	12	2|
16165	12	2|
16166	12	2|
16167	12	2|
16168	12	2|
16169	12	2|
16170	12	2|
16171	12	2|
16172	12	2|
16173	12	2|
16174	12	2|
16175	12	2|
16176	12	2|
16177	12	2|
16178	12	2|
16179	12	2|
16180	12	2|
16181	12	2|
16182	12	2|
16183	12	2|
16184	12	2|
16185	12	2|
16186	12	2|
16187	12	2|
16188	12	2|
16189	12	2|
16190	12	2|
16191	12	2|
16192	12	2|
16193	12	2|
16194	12	2|
16195	12	2|
16196	12	2|
16197	12	2|
16198	12	2|
16199	12	2|
16200	12	2|
16201	12	2|
16202	12	2|
16203	12	2|
16204	12	2|
16205	12	2|
16206	12	2|
16207	12	2|
16208	12	2|
16209	12	2|
16210	12	2|
16211	12	2|
16212	12	2|
16213	12	2|
16214	12	2|
16215	12	2|
16216	12	2|
16217	12	2|
16218	12	2|
16219	12	2|
16220	12	2|
16221	12	2|
16222	12	2|
16223	12	2|
16224	12	2|
16225	12	2|
16226	12	2|
16227	12	2|
16228	12	2|
16229	12	2|
16230	12	2|
16231	12	2|
16232	12	2|
16233	12	2|
16234	12	2|
16235	12	2|
16236	12	2|
16237	12	2|
16238	12	2|
16239	12	2|
16240	12	2|
16241	12	2|
16242	12	2|
16243	12	2|
16244	12	2|
16245	12	2|
16246	12	2|
16247	12	2|
16248	12	2|
16250	12	2|
16251	12	2|
16252	12	2|
16253	12	2|
16254	12	2|
16256	12	2|
16257	12	2|
16258	12	2|
16259	12	2|
16260	12	2|
16261	12	2|
16262	12	2|
16263	12	2|
16264	12	2|
16265	12	2|
16266	12	2|
16267	12	2|
16268	12	2|
16269	12	2|
16270	12	2|
16271	12	2|
16272	12	2|
16273	12	2|
16274	12	2|
16275	12	2|
16276	12	2|
16277	12	2|
16278	12	2|
16279	12	2|
16280	12	2|
16281	12	2|
16282	12	2|
16283	12	2|
16284	12	2|
16285	12	2|
16286	12	2|
16287	12	2|
16288	12	2|
16289	12	2|
16290	12	2|
16291	12	2|
16292	12	2|
16293	12	2|
16294	12	2|
16295	12	2|
16296	12	2|
16297	12	2|
16298	12	2|
16299	12	2|
16300	12	2|
16301	12	2|
16302	12	2|
16303	12	2|
16304	12	2|
16305	12	2|
16306	12	2|
16307	12	2|
16308	12	2|
16309	12	2|
16310	12	2|
16311	12	2|
16312	12	2|
16313	12	2|
16314	12	2|
16315	12	2|
16316	12	2|
16317	12	2|
16318	12	2|
16319	12	2|
16320	12	2|
16321	12	2|
16322	12	2|
16323	12	2|
16324	12	2|
16325	12	2|
16326	12	2|
17103	12	2|
17104	12	2|
17105	12	2|
17106	12	2|
17107	12	2|
17108	12	2|
17109	12	2|
17110	12	2|
17111	12	2|
17112	12	2|
17113	12	2|
17114	12	2|
17115	12	2|
17116	12	2|
17117	12	2|
17118	12	2|
17119	12	2|
17120	12	2|
17121	12	2|
17122	12	2|
17123	12	2|
17124	12	2|
17125	12	2|
17126	12	2|
17127	12	2|
17128	12	2|
17129	12	2|
17130	12	2|
17131	12	2|
17132	12	2|
17133	12	2|
17134	12	2|
17135	12	2|
17136	12	2|
17137	12	2|
17138	12	2|
17139	12	2|
17140	12	2|
17141	12	2|
17142	12	2|
17143	12	2|
17144	12	2|
17145	12	2|
17146	12	2|
17147	12	2|
17148	12	2|
17149	12	2|
17150	12	2|
17151	12	2|
17152	12	2|
17153	12	2|
17154	12	2|
17155	12	2|
17156	12	2|
17157	12	2|
17158	12	2|
17159	12	2|
17160	12	2|
17161	12	2|
17163	12	2|
17164	12	2|
17165	12	2|
17166	12	2|
17167	12	2|
17168	12	2|
17169	12	2|
17170	12	2|
17171	12	2|
17172	12	2|
17173	12	2|
17174	12	2|
17314	12	2|
17315	12	2|
17316	12	2|
17317	12	2|
17318	12	2|
17319	12	2|
17320	12	2|
17321	12	2|
17322	12	2|
17323	12	2|
17324	12	2|
17325	12	2|
17326	12	2|
17327	12	2|
17330	12	2|
7382	13	15|
7847	13	1|
7378	13	1|
6892	13	1|
6971	15	11|
7934	15	11|
16041	15	11|
6972	15	10|
7964	15	10|
17096	15	10|
17340	15	10|
7077	15	9|
7434	15	9|
7885	15	9|
16660	15	9|
17179	15	9|
7019	15	8|
7122	15	8|
7844	15	8|
7867	15	8|
14686	15	8|
15533	15	8|
16495	15	8|
17366	15	8|
6987	15	7|
7003	15	7|
7653	15	7|
15166	15	7|
15694	15	7|
16236	15	7|
16525	15	7|
17332	15	7|
17335	15	7|
6964	15	6|
7014	15	6|
7654	15	6|
7981	15	6|
17334	15	6|
6989	15	5|
16553	15	5|
6973	15	4|
17173	15	3|
16502	15	1|
7638	16	12|
15533	16	12|
7382	16	11|
8006	16	11|
7003	16	10|
16041	16	10|
17096	16	10|
6990	16	9|
15192	16	9|
7155	16	8|
7858	16	8|
7894	16	8|
7162	16	7|
7981	16	7|
15058	16	7|
16579	16	7|
17179	16	7|
7653	16	6|
16236	16	6|
16664	16	6|
17378	16	6|
16338	16	5|
6975	16	4|
7382	17	14|
8006	17	14|
7003	17	13|
14686	17	12|
7299	17	11|
15058	17	11|
7125	17	10|
7162	17	9|
6988	17	8|
7122	17	8|
16249	17	8|
7638	17	6|
16129	17	6|
17096	17	5|
16579	17	4|
7835	18	11|
14648	18	10|
8006	18	9|
17331	18	9|
7162	18	8|
6988	18	7|
7938	18	6|
7120	18	5|
7065	18	4|
16041	13	15|
7012	13	14|
8006	13	14|
14922	13	14|
17334	13	14|
6992	13	13|
7155	13	13|
7619	13	13|
7638	13	13|
7660	13	13|
14648	13	13|
14686	13	13|
16463	13	13|
17333	13	13|
7077	13	12|
7160	13	12|
7434	13	12|
7654	13	12|
8001	13	12|
15126	13	12|
15755	13	12|
16338	13	12|
16664	13	12|
17335	13	12|
17336	13	12|
6997	13	11|
15349	13	11|
15533	13	11|
16005	13	11|
16101	13	11|
17178	13	11|
7065	13	10|
7209	13	10|
7646	13	10|
7652	13	10|
15267	13	10|
15694	13	10|
16495	13	10|
16553	13	10|
17053	13	10|
6986	13	9|
6988	13	9|
6990	13	9|
6999	13	9|
7018	13	9|
7019	13	9|
7026	13	9|
7653	13	9|
7947	13	9|
7964	13	9|
7966	13	9|
15053	13	9|
15192	13	9|
15953	13	9|
16131	13	9|
17332	13	9|
17338	13	9|
7191	13	8|
7207	13	8|
7558	13	8|
7872	13	8|
7938	13	8|
7941	13	8|
15609	13	8|
16110	13	8|
16249	13	8|
16303	13	8|
16415	13	8|
16525	13	8|
16660	13	8|
16737	13	8|
17084	13	8|
17173	13	8|
17314	13	8|
17315	13	8|
17331	13	8|
7025	13	7|
7559	13	7|
7562	13	7|
7695	13	7|
7859	13	7|
7863	13	7|
7867	13	7|
7887	13	7|
7994	13	7|
14657	13	7|
15166	13	7|
15741	13	7|
16400	13	7|
17174	13	7|
17324	13	7|
17330	13	7|
6896	13	6|
6900	13	6|
6989	13	6|
7000	13	6|
7073	13	6|
7119	13	6|
7361	13	6|
7554	13	6|
7860	13	6|
7865	13	6|
7882	13	6|
7886	13	6|
7888	13	6|
7933	13	6|
7935	13	6|
7965	13	6|
7967	13	6|
7970	13	6|
8005	13	6|
14796	13	6|
14913	13	6|
15811	13	6|
16068	13	6|
17215	13	6|
6991	13	5|
6996	13	5|
7866	13	5|
7934	13	5|
7943	13	5|
14810	13	5|
15058	13	5|
15590	13	5|
15922	13	5|
15958	13	5|
16187	13	5|
16564	13	5|
16579	13	5|
17186	13	5|
7014	13	4|
7201	13	4|
7858	13	4|
7873	13	4|
15856	13	4|
16236	13	4|
7869	13	3|
14864	13	3|
6927	13	2|
7870	13	2|
7879	13	2|
17341	13	1|
7968	13	1|
7969	13	1|
17340	13	1|
7973	13	1|
16025	13	1|
15715	13	1|
14742	13	1|
17312	13	1|
17308	13	1|
17309	13	1|
17311	13	1|
17304	13	1|
17305	13	1|
17306	13	1|
17301	13	1|
17302	13	1|
17303	13	1|
17298	13	1|
17299	13	1|
17300	13	1|
17292	13	1|
17296	13	1|
17297	13	1|
17287	13	1|
17290	13	1|
17291	13	1|
17283	13	1|
17284	13	1|
17285	13	1|
17278	13	1|
17280	13	1|
17282	13	1|
17275	13	1|
17276	13	1|
17277	13	1|
17271	13	1|
17272	13	1|
17273	13	1|
17268	13	1|
17269	13	1|
17270	13	1|
17260	13	1|
17262	13	1|
17264	13	1|
17256	13	1|
17257	13	1|
17259	13	1|
17253	13	1|
17254	13	1|
17255	13	1|
17249	13	1|
17251	13	1|
17252	13	1|
17245	13	1|
17247	13	1|
17248	13	1|
17241	13	1|
17242	13	1|
17243	13	1|
17238	13	1|
17239	13	1|
17240	13	1|
17235	13	1|
17236	13	1|
17237	13	1|
17232	13	1|
17233	13	1|
7678	13	1|
7679	13	1|
7674	13	1|
7675	13	1|
7676	13	1|
7671	13	1|
7672	13	1|
7673	13	1|
7668	13	1|
7669	13	1|
7670	13	1|
7665	13	1|
7666	13	1|
7667	13	1|
7661	13	1|
7662	13	1|
7664	13	1|
7658	13	1|
7659	13	1|
7655	13	1|
7656	13	1|
7657	13	1|
17339	13	1|
7649	13	1|
7650	13	1|
7651	13	1|
7644	13	1|
7647	13	1|
7640	13	1|
7641	13	1|
7643	13	1|
7637	13	1|
7639	13	1|
7633	13	1|
7635	13	1|
7636	13	1|
7628	13	1|
7630	13	1|
7631	13	1|
7624	13	1|
7625	13	1|
7627	13	1|
7782	13	1|
7622	13	1|
7623	13	1|
7618	13	1|
7620	13	1|
7686	13	1|
7474	13	1|
7475	13	1|
7476	13	1|
7472	13	1|
7473	13	1|
7563	13	1|
7431	13	1|
7432	13	1|
7433	13	1|
7428	13	1|
7429	13	1|
7430	13	1|
7424	13	1|
7426	13	1|
7427	13	1|
7421	13	1|
7422	13	1|
7423	13	1|
7419	13	1|
7420	13	1|
7297	13	1|
7415	13	1|
7416	13	1|
7417	13	1|
7411	13	1|
7413	13	1|
7414	13	1|
7408	13	1|
7409	13	1|
7410	13	1|
7405	13	1|
7406	13	1|
7407	13	1|
7402	13	1|
7403	13	1|
7404	13	1|
7399	13	1|
7400	13	1|
7401	13	1|
7396	13	1|
7397	13	1|
7398	13	1|
7391	13	1|
7392	13	1|
7393	13	1|
7388	13	1|
7389	13	1|
7390	13	1|
7385	13	1|
7386	13	1|
7387	13	1|
7383	13	1|
7384	13	1|
7379	13	1|
7380	13	1|
7381	13	1|
7376	13	1|
7377	13	1|
7373	13	1|
7374	13	1|
7375	13	1|
7370	13	1|
7371	13	1|
7372	13	1|
7367	13	1|
7368	13	1|
7369	13	1|
7364	13	1|
7365	13	1|
7366	13	1|
7362	13	1|
7363	13	1|
7358	13	1|
7359	13	1|
7360	13	1|
7354	13	1|
7355	13	1|
7356	13	1|
7351	13	1|
7352	13	1|
7353	13	1|
7439	13	1|
7348	13	1|
7350	13	1|
7447	13	1|
7435	13	1|
7436	13	1|
7444	13	1|
7445	13	1|
7446	13	1|
7441	13	1|
7442	13	1|
7443	13	1|
7326	13	1|
7303	13	1|
7440	13	1|
7322	13	1|
7323	13	1|
7324	13	1|
7316	13	1|
7318	13	1|
7321	13	1|
7311	13	1|
7305	13	1|
7315	13	1|
7307	13	1|
7308	13	1|
7310	13	1|
7512	13	1|
7513	13	1|
7515	13	1|
7508	13	1|
7509	13	1|
7510	13	1|
7505	13	1|
7506	13	1|
7507	13	1|
7501	13	1|
7502	13	1|
7504	13	1|
7498	13	1|
7499	13	1|
7500	13	1|
7495	13	1|
7496	13	1|
7497	13	1|
7347	13	1|
7491	13	1|
7494	13	1|
7342	13	1|
7344	13	1|
7346	13	1|
7335	13	1|
7338	13	1|
7341	13	1|
7831	13	1|
7236	13	1|
7332	13	1|
7233	13	1|
7234	13	1|
7235	13	1|
7229	13	1|
7230	13	1|
7232	13	1|
7226	13	1|
7227	13	1|
7228	13	1|
7221	13	1|
7223	13	1|
7225	13	1|
7217	13	1|
7219	13	1|
7220	13	1|
7214	13	1|
7215	13	1|
7216	13	1|
7240	13	1|
7212	13	1|
7213	13	1|
7237	13	1|
7238	13	1|
7239	13	1|
7271	13	1|
7210	13	1|
7211	13	1|
7268	13	1|
7269	13	1|
7270	13	1|
7264	13	1|
7265	13	1|
7267	13	1|
7260	13	1|
7262	13	1|
7263	13	1|
7257	13	1|
7258	13	1|
7259	13	1|
7254	13	1|
7255	13	1|
7256	13	1|
7251	13	1|
7252	13	1|
7253	13	1|
7248	13	1|
7249	13	1|
7250	13	1|
7246	13	1|
7247	13	1|
7273	13	1|
7302	13	1|
7242	13	1|
7243	13	1|
7299	13	1|
7300	13	1|
7301	13	1|
7204	13	1|
7205	13	1|
7206	13	1|
7202	13	1|
7203	13	1|
7196	13	1|
7198	13	1|
7199	13	1|
7193	13	1|
7194	13	1|
7195	13	1|
7514	13	1|
7192	13	1|
7158	13	1|
7159	13	1|
7492	13	1|
7157	13	1|
7152	13	1|
7153	13	1|
7154	13	1|
7151	13	1|
7114	13	1|
7149	13	1|
7150	13	1|
7147	13	1|
7112	13	1|
7113	13	1|
7145	13	1|
7109	13	1|
7110	13	1|
7123	13	1|
7107	13	1|
7144	13	1|
7142	13	1|
7105	13	1|
7106	13	1|
7141	13	1|
7103	13	1|
7104	13	1|
7140	13	1|
7101	13	1|
7102	13	1|
7097	13	1|
7098	13	1|
7100	13	1|
7138	13	1|
7094	13	1|
7095	13	1|
7090	13	1|
7091	13	1|
7092	13	1|
7187	13	1|
7136	13	1|
7122	13	1|
7186	13	1|
7089	13	1|
7135	13	1|
7087	13	1|
7185	13	1|
7134	13	1|
7086	13	1|
7132	13	1|
7184	13	1|
7182	13	1|
7085	13	1|
7183	13	1|
7082	13	1|
7083	13	1|
7131	13	1|
7130	13	1|
7081	13	1|
7181	13	1|
7121	13	1|
7129	13	1|
7080	13	1|
7128	13	1|
7078	13	1|
7127	13	1|
7075	13	1|
7076	13	1|
7126	13	1|
7074	13	1|
7125	13	1|
7072	13	1|
7331	13	1|
7180	13	1|
7070	13	1|
7071	13	1|
7179	13	1|
7068	13	1|
7069	13	1|
7177	13	1|
7067	13	1|
7178	13	1|
7176	13	1|
7066	13	1|
7063	13	1|
7064	13	1|
7120	13	1|
7050	13	1|
7061	13	1|
7062	13	1|
7059	13	1|
7049	13	1|
7060	13	1|
7047	13	1|
7173	13	1|
7048	13	1|
7057	13	1|
7046	13	1|
7058	13	1|
7304	13	1|
7171	13	1|
7056	13	1|
7054	13	1|
7170	13	1|
7055	13	1|
7053	13	1|
7043	13	1|
7190	13	1|
6984	13	1|
7169	13	1|
7042	13	1|
7040	13	1|
6983	13	1|
7041	13	1|
7167	13	1|
7039	13	1|
7298	13	1|
7166	13	1|
7038	13	1|
6981	13	1|
7036	13	1|
7165	13	1|
7037	13	1|
6978	13	1|
6979	13	1|
7241	13	1|
6985	13	1|
7035	13	1|
7163	13	1|
6977	13	1|
17234	13	1|
17229	13	1|
17230	13	1|
17231	13	1|
17222	13	1|
17224	13	1|
17228	13	1|
17217	13	1|
17218	13	1|
17220	13	1|
17213	13	1|
17214	13	1|
17210	13	1|
17211	13	1|
17212	13	1|
17208	13	1|
17209	13	1|
17204	13	1|
17205	13	1|
17206	13	1|
17197	13	1|
17199	13	1|
17203	13	1|
17194	13	1|
17195	13	1|
17196	13	1|
17187	13	1|
17192	13	1|
17193	13	1|
17184	13	1|
17185	13	1|
17180	13	1|
17182	13	1|
17183	13	1|
17177	13	1|
17179	13	1|
7989	13	1|
17175	13	1|
17176	13	1|
7987	13	1|
7988	13	1|
7999	13	1|
8000	13	1|
7986	13	1|
7272	13	1|
8004	13	1|
8002	13	1|
8003	13	1|
6860	13	1|
7961	13	1|
7963	13	1|
7956	13	1|
7957	13	1|
7958	13	1|
7892	13	1|
7893	13	1|
7894	13	1|
7931	13	1|
7891	13	1|
7953	13	1|
7951	13	1|
7930	13	1|
7890	13	1|
7932	13	1|
7889	13	1|
7929	13	1|
7950	13	1|
7928	13	1|
7948	13	1|
7949	13	1|
7925	13	1|
7946	13	1|
7885	13	1|
7924	13	1|
7922	13	1|
7855	13	1|
7923	13	1|
7984	13	1|
7985	13	1|
7884	13	1|
7945	13	1|
7982	13	1|
7983	13	1|
7857	13	1|
7981	13	1|
7921	13	1|
7977	13	1|
7920	13	1|
7980	13	1|
7944	13	1|
7975	13	1|
7976	13	1|
7883	13	1|
7974	13	1|
7919	13	1|
7971	13	1|
7918	13	1|
7972	13	1|
7880	13	1|
7881	13	1|
7916	13	1|
7917	13	1|
7895	13	1|
7915	13	1|
7878	13	1|
7914	13	1|
7942	13	1|
7913	13	1|
7995	13	1|
7912	13	1|
7992	13	1|
7911	13	1|
7876	13	1|
7940	13	1|
7910	13	1|
7990	13	1|
7939	13	1|
7909	13	1|
7875	13	1|
7908	13	1|
7874	13	1|
7906	13	1|
7907	13	1|
7979	13	1|
7905	13	1|
7903	13	1|
7904	13	1|
7902	13	1|
7936	13	1|
7901	13	1|
7868	13	1|
7899	13	1|
7900	13	1|
7897	13	1|
7898	13	1|
7896	13	1|
7864	13	1|
7998	13	1|
7861	13	1|
7862	13	1|
7852	13	1|
7850	13	1|
7851	13	1|
7844	13	1|
7845	13	1|
7838	13	1|
7839	13	1|
7840	13	1|
7835	13	1|
7836	13	1|
7837	13	1|
7826	13	1|
7829	13	1|
7834	13	1|
7822	13	1|
7823	13	1|
7825	13	1|
7819	13	1|
7820	13	1|
7821	13	1|
7816	13	1|
7817	13	1|
7818	13	1|
7812	13	1|
7814	13	1|
7815	13	1|
7809	13	1|
7810	13	1|
7811	13	1|
7804	13	1|
7805	13	1|
7806	13	1|
7801	13	1|
7802	13	1|
7803	13	1|
7798	13	1|
7799	13	1|
7800	13	1|
7794	13	1|
7795	13	1|
7797	13	1|
7789	13	1|
7790	13	1|
7791	13	1|
7274	13	1|
7783	13	1|
7787	13	1|
7290	13	1|
7291	13	1|
7294	13	1|
7285	13	1|
7287	13	1|
7288	13	1|
7275	13	1|
7276	13	1|
7284	13	1|
7549	13	1|
7551	13	1|
7552	13	1|
7546	13	1|
7547	13	1|
7548	13	1|
7543	13	1|
7544	13	1|
7545	13	1|
7540	13	1|
7541	13	1|
7542	13	1|
7537	13	1|
7538	13	1|
7539	13	1|
7534	13	1|
7535	13	1|
7536	13	1|
7531	13	1|
7532	13	1|
7533	13	1|
7614	13	1|
7616	13	1|
7617	13	1|
7611	13	1|
7612	13	1|
7613	13	1|
7606	13	1|
7608	13	1|
7610	13	1|
7603	13	1|
7604	13	1|
7605	13	1|
7598	13	1|
7601	13	1|
7602	13	1|
7595	13	1|
7596	13	1|
7597	13	1|
7592	13	1|
7593	13	1|
7594	13	1|
7589	13	1|
7590	13	1|
7591	13	1|
7586	13	1|
7587	13	1|
7588	13	1|
7583	13	1|
7584	13	1|
7585	13	1|
7577	13	1|
7579	13	1|
7580	13	1|
7529	13	1|
7530	13	1|
7576	13	1|
7526	13	1|
7527	13	1|
7528	13	1|
7522	13	1|
7523	13	1|
7524	13	1|
7519	13	1|
7520	13	1|
7521	13	1|
7516	13	1|
7517	13	1|
7518	13	1|
7779	13	1|
7780	13	1|
7781	13	1|
7776	13	1|
7777	13	1|
7778	13	1|
7773	13	1|
7774	13	1|
7775	13	1|
7770	13	1|
7771	13	1|
7772	13	1|
7767	13	1|
7768	13	1|
7769	13	1|
7764	13	1|
7765	13	1|
7766	13	1|
7761	13	1|
7762	13	1|
7763	13	1|
7758	13	1|
7759	13	1|
7760	13	1|
7755	13	1|
7756	13	1|
7757	13	1|
7752	13	1|
7753	13	1|
7754	13	1|
7749	13	1|
7750	13	1|
7751	13	1|
7745	13	1|
7746	13	1|
7748	13	1|
7741	13	1|
7743	13	1|
7744	13	1|
7738	13	1|
7739	13	1|
7740	13	1|
7735	13	1|
7736	13	1|
7737	13	1|
7731	13	1|
7732	13	1|
7733	13	1|
7728	13	1|
7729	13	1|
7730	13	1|
7725	13	1|
7726	13	1|
7727	13	1|
7572	13	1|
7723	13	1|
7724	13	1|
7566	13	1|
7569	13	1|
7570	13	1|
7462	13	1|
7463	13	1|
7464	13	1|
7459	13	1|
7460	13	1|
7461	13	1|
7455	13	1|
7456	13	1|
7458	13	1|
7451	13	1|
7453	13	1|
7454	13	1|
7329	13	1|
7449	13	1|
7450	13	1|
7488	13	1|
7330	13	1|
7489	13	1|
7565	13	1|
7486	13	1|
7487	13	1|
7484	13	1|
7485	13	1|
7564	13	1|
7481	13	1|
7482	13	1|
7483	13	1|
7478	13	1|
7479	13	1|
7480	13	1|
7720	13	1|
7721	13	1|
7722	13	1|
7717	13	1|
7718	13	1|
7719	13	1|
7713	13	1|
7715	13	1|
7716	13	1|
7705	13	1|
7707	13	1|
7711	13	1|
7700	13	1|
7703	13	1|
7704	13	1|
7697	13	1|
7698	13	1|
7699	13	1|
7694	13	1|
7696	13	1|
7691	13	1|
7692	13	1|
7693	13	1|
7684	13	1|
7688	13	1|
7689	13	1|
7680	13	1|
7681	13	1|
7683	13	1|
7677	13	1|
7162	13	1|
7034	13	1|
7161	13	1|
7032	13	1|
7033	13	1|
6975	13	1|
7208	13	1|
7031	13	1|
7028	13	1|
7029	13	1|
7030	13	1|
7021	13	1|
7022	13	1|
7023	13	1|
7020	13	1|
7016	13	1|
7027	13	1|
7017	13	1|
7015	13	1|
7008	13	1|
7009	13	1|
7010	13	1|
7005	13	1|
7006	13	1|
7007	13	1|
7002	13	1|
7003	13	1|
7004	13	1|
7001	13	1|
6998	13	1|
6993	13	1|
6994	13	1|
6995	13	1|
6973	13	1|
6971	13	1|
6972	13	1|
6987	13	1|
6969	13	1|
6970	13	1|
6967	13	1|
6908	13	1|
6968	13	1|
6906	13	1|
6966	13	1|
6907	13	1|
6964	13	1|
6965	13	1|
6905	13	1|
6902	13	1|
7124	13	1|
6903	13	1|
6901	13	1|
6897	13	1|
6899	13	1|
6924	13	1|
6925	13	1|
6926	13	1|
6921	13	1|
6922	13	1|
6923	13	1|
6917	13	1|
6919	13	1|
6920	13	1|
6894	13	1|
6913	13	1|
6914	13	1|
7051	13	1|
6893	13	1|
6912	13	1|
6891	13	1|
6911	13	1|
6909	13	1|
6910	13	1|
6888	13	1|
6963	13	1|
6889	13	1|
6858	13	1|
6859	13	1|
6887	13	1|
6884	13	1|
6857	13	1|
6886	13	1|
6855	13	1|
6883	13	1|
6856	13	1|
6962	13	1|
6863	13	1|
6882	13	1|
6880	13	1|
6881	13	1|
6961	13	1|
6959	13	1|
6879	13	1|
6960	13	1|
6956	13	1|
6957	13	1|
6958	13	1|
6878	13	1|
6953	13	1|
6954	13	1|
6875	13	1|
6951	13	1|
6952	13	1|
6946	13	1|
6948	13	1|
6949	13	1|
6944	13	1|
6862	13	1|
6945	13	1|
6870	13	1|
6941	13	1|
6943	13	1|
6937	13	1|
6938	13	1|
6939	13	1|
6932	13	1|
6935	13	1|
6936	13	1|
6861	13	1|
6928	13	1|
6931	13	1|
17337	13	1|
